data/acrobat/050323/wing angle4.cnv
* Sea-Bird SBE 25plus Data File:
* FileName = C:\Users\wellsd\Desktop\CTD Data\050323\wing angle4.hex
* Software Version Seasave V 7.26.7.121
* Temperature SN = 5827
* Conductivity SN = 4363
* System UpLoad Time = May 03 2023 14:51:19
* NMEA Latitude = 34 06.88 N
* NMEA Longitude = 077 56.15 W
* NMEA UTC (Time) = May 03 2023 18:51:18
** Ship:
** Station:
** Operator:
# nquan = 14
# nvalues = 17981                                 
# units = specified
# name 0 = scan: Scan Count
# name 1 = depSM: Depth [salt water, m]
# name 2 = t090C: Temperature [ITS-90, deg C]
# name 3 = c0S/m: Conductivity [S/m]
# name 4 = density00: Density [density, kg/m^3]
# name 5 = sal00: Salinity, Practical [PSU]
# name 6 = timeQ: Time, NMEA [seconds]
# name 7 = seaTurbMtr: Turbidity, Seapoint [FTU]
# name 8 = flSPuv0: Fluorescence, Seapoint Ultraviolet
# name 9 = flSP: Fluorescence, Seapoint
# name 10 = oxsolMg/L: Oxygen Saturation, Garcia & Gordon [mg/l]
# name 11 = latitude: Latitude [deg]
# name 12 = longitude: Longitude [deg]
# name 13 = flag:  0.000e+00
# span 0 =          1,      17981                 
# span 1 =     -0.055,      7.698                 
# span 2 =    20.3102,    20.7280                 
# span 3 =   0.458271,   1.663057                 
# span 4 =  1000.1659,  1006.3117                 
# span 5 =     2.7025,    10.7929                 
# span 6 =  736455078,  736457327                 
# span 7 =      0.000,     33.654                 
# span 8 =    54.1085,    61.5473                 
# span 9 = 0.0000e+00, 3.1914e+00                 
# span 10 =    8.45230,    8.86602                
# span 11 =   34.11462,   34.15962                
# span 12 =  -77.95958,  -77.93468                
# span 13 = 0.0000e+00, 0.0000e+00                
# interval = seconds: 0.125
# start_time = May 03 2023 18:51:18 [NMEA time, first data scan]
# bad_flag = -9.990e-29
*END*
[from data line 10839]
      10840      4.652    20.4557   1.243388  1004.1091     7.8824  736456434     14.591    57.9767 1.6121e+00    8.60335   34.14014  -77.94688  0.000e+00
      10841      4.690    20.4548   1.242916  1004.1071     7.8793  736456434     14.631    57.8851 1.6159e+00    8.60365   34.14014  -77.94688  0.000e+00
      10842      4.726    20.4509   1.248206  1004.1361     7.9163  736456434     14.336    57.8317 1.6114e+00    8.60244   34.14014  -77.94688  0.000e+00
      10843      4.772    20.4377   1.271423  1004.2616     8.0780  736456434     14.330    57.7859 1.5953e+00    8.59646   34.14014  -77.94688  0.000e+00
      10844      4.807    20.4131   1.306944  1004.4556     8.3271  736456434     14.122    57.7249 1.5892e+00    8.58799   34.14014  -77.94688  0.000e+00
      10845      4.837    20.4012   1.323875  1004.5484     8.4462  736456434     13.937    57.6944 1.5793e+00    8.58397   34.14014  -77.94688  0.000e+00
      10846      4.890    20.3961   1.340584  1004.6378     8.5626  736456434     13.962    57.6486 1.5724e+00    8.57894   34.14014  -77.94688  0.000e+00
      10847      4.932    20.3943   1.347156  1004.6730     8.6084  736456435     14.048    57.6028 1.5702e+00    8.57694   34.14018  -77.94694  0.000e+00
      10848      4.973    20.3935   1.353889  1004.7087     8.6551  736456435     14.052    57.5647 1.5633e+00    8.57471   34.14016  -77.94690  0.000e+00
      10849      5.020    20.3933   1.357216  1004.7264     8.6781  736456435     13.869    57.5265 1.5557e+00    8.57359   34.14016  -77.94690  0.000e+00
      10850      5.049    20.3943   1.362408  1004.7533     8.7139  736456435     13.750    57.4960 1.5389e+00    8.57162   34.14016  -77.94690  0.000e+00
      10851      5.094    20.3964   1.374910  1004.8182     8.8000  736456435     13.588    57.4655 1.5320e+00    8.56693   34.14016  -77.94690  0.000e+00
      10852      5.141    20.3978   1.380200  1004.8456     8.8364  736456435     13.300    57.4273 1.5404e+00    8.56487   34.14016  -77.94690  0.000e+00
      10853      5.179    20.3988   1.382488  1004.8573     8.8520  736456435     12.892    57.4121 1.5595e+00    8.56392   34.14016  -77.94690  0.000e+00
      10854      5.231    20.4000   1.388999  1004.8912     8.8969  736456436     13.081    57.3739 1.5648e+00    8.56146   34.14020  -77.94696  0.000e+00
      10855      5.250    20.4008   1.386332  1004.8770     8.8782  736456436     12.867    57.3358 1.5694e+00    8.56226   34.14020  -77.94696  0.000e+00
      10856      5.284    20.4035   1.398701  1004.9410     8.9634  736456436     12.879    57.3053 1.5656e+00    8.55753   34.14016  -77.94692  0.000e+00
      10857      5.331    20.4056   1.402814  1004.9620     8.9915  736456436     12.848    57.2824 1.5610e+00    8.55577   34.14016  -77.94692  0.000e+00
      10858      5.359    20.4085   1.410413  1005.0009     9.0437  736456436     12.715    57.2442 1.5618e+00    8.55268   34.14016  -77.94692  0.000e+00
      10859      5.398    20.4097   1.415400  1005.0268     9.0781  736456436     12.985    57.1984 1.5618e+00    8.55075   34.14016  -77.94692  0.000e+00
      10860      5.421    20.4111   1.416369  1005.0314     9.0845  736456436     13.130    57.1527 1.5663e+00    8.55020   34.14016  -77.94692  0.000e+00
      10861      5.455    20.4137   1.424899  1005.0754     9.1432  736456436     12.680    57.0916 1.5724e+00    8.54681   34.14016  -77.94692  0.000e+00
      10862      5.492    20.4153   1.428241  1005.0925     9.1661  736456437     12.673    57.0382 1.5702e+00    8.54541   34.14020  -77.94698  0.000e+00
      10863      5.527    20.4194   1.436782  1005.1359     9.2246  736456437     12.917    56.9848 1.5625e+00    8.54179   34.14018  -77.94694  0.000e+00
      10864      5.558    20.4251   1.459232  1005.2519     9.3796  736456437     12.892    56.9238 1.5694e+00    8.53306   34.14018  -77.94694  0.000e+00
      10865      5.601    20.4275   1.471624  1005.3164     9.4654  736456437     12.955    56.8246 1.5808e+00    8.52838   34.14018  -77.94694  0.000e+00
      10866      5.630    20.4280   1.469220  1005.3037     9.4485  736456437     12.814    56.7102 1.5908e+00    8.52913   34.14018  -77.94694  0.000e+00
      10867      5.666    20.4302   1.482020  1005.3705     9.5373  736456437     12.749    56.5881 1.5831e+00    8.52433   34.14018  -77.94694  0.000e+00
      10868      5.700    20.4323   1.493814  1005.4320     9.6191  736456437     12.894    56.4813 1.5877e+00    8.51988   34.14018  -77.94694  0.000e+00
      10869      5.725    20.4344   1.501802  1005.4734     9.6744  736456437     12.783    56.3745 1.5831e+00    8.51678   34.14018  -77.94694  0.000e+00
      10870      5.761    20.4356   1.513405  1005.5343     9.7552  736456437     12.625    56.2753 1.5763e+00    8.51253   34.14018  -77.94694  0.000e+00
      10871      5.783    20.4367   1.524483  1005.5926     9.8324  736456437     12.434    56.1837 1.5656e+00    8.50850   34.14018  -77.94694  0.000e+00
      10872      5.828    20.4377   1.534529  1005.6455     9.9024  736456438     12.570    56.0998 1.5579e+00    8.50484   34.14022  -77.94700  0.000e+00
      10873      5.852    20.4385   1.537219  1005.6595     9.9210  736456438     12.707    56.0388 1.5694e+00    8.50376   34.14020  -77.94696  0.000e+00
      10874      5.896    20.4385   1.536291  1005.6548     9.9145  736456438     12.594    55.9854 1.5656e+00    8.50409   34.14020  -77.94696  0.000e+00
      10875      5.924    20.4383   1.531676  1005.6306     9.8823  736456438     12.539    55.9396 1.5679e+00    8.50574   34.14020  -77.94696  0.000e+00
      10876      5.938    20.4376   1.531680  1005.6309     9.8825  736456438     12.316    55.9014 1.5618e+00    8.50584   34.14020  -77.94696  0.000e+00
      10877      5.954    20.4375   1.533830  1005.6424     9.8975  736456438     12.459    55.8709 1.5625e+00    8.50511   34.14020  -77.94696  0.000e+00
      10878      5.974    20.4378   1.536216  1005.6550     9.9142  736456438     12.383    55.8480 1.5625e+00    8.50423   34.14020  -77.94696  0.000e+00
      10879      5.981    20.4385   1.539096  1005.6700     9.9342  736456438     12.760    55.8328 1.5709e+00    8.50311   34.14020  -77.94696  0.000e+00
      10880      6.001    20.4387   1.539405  1005.6717     9.9363  736456439     12.503    55.8328 1.5694e+00    8.50298   34.14024  -77.94702  0.000e+00
      10881      6.029    20.4392   1.540327  1005.6765     9.9426  736456439     12.537    55.8251 1.5732e+00    8.50258   34.14022  -77.94698  0.000e+00
      10882      6.059    20.4409   1.543913  1005.6949     9.9673  736456439     12.522    55.8251 1.5793e+00    8.50107   34.14022  -77.94698  0.000e+00
      10883      6.083    20.4416   1.548092  1005.7168     9.9964  736456439     12.448    55.8175 1.5747e+00    8.49950   34.14022  -77.94698  0.000e+00
      10884      6.123    20.4423   1.547242  1005.7122     9.9903  736456439     12.535    55.7946 1.5625e+00    8.49969   34.14022  -77.94698  0.000e+00
      10885      6.156    20.4432   1.551717  1005.7357    10.0214  736456439     12.579    55.7870 1.5694e+00    8.49799   34.14022  -77.94698  0.000e+00
      10886      6.189    20.4432   1.551253  1005.7334    10.0182  736456439     12.675    55.7488 1.5595e+00    8.49814   34.14022  -77.94698  0.000e+00
      10887      6.217    20.4434   1.551929  1005.7370    10.0229  736456440     12.411    55.7107 1.5656e+00    8.49788   34.14026  -77.94704  0.000e+00
      10888      6.225    20.4439   1.553015  1005.7426    10.0304  736456440     12.593    55.6802 1.5747e+00    8.49742   34.14026  -77.94704  0.000e+00
      10889      6.249    20.4448   1.554594  1005.7507    10.0412  736456440     12.444    55.6649 1.5656e+00    8.49673   34.14024  -77.94700  0.000e+00
      10890      6.283    20.4464   1.559405  1005.7757    10.0745  736456440     12.671    55.6420 1.5625e+00    8.49481   34.14024  -77.94700  0.000e+00
      10891      6.305    20.4472   1.562350  1005.7910    10.0950  736456440     12.676    55.6191 1.5846e+00    8.49366   34.14024  -77.94700  0.000e+00
      10892      6.338    20.4487   1.563571  1005.7971    10.1032  736456440     12.749    55.5886 1.5793e+00    8.49300   34.14024  -77.94700  0.000e+00
      10893      6.361    20.4518   1.571931  1005.8402    10.1611  736456440     13.010    55.5581 1.5755e+00    8.48960   34.14024  -77.94700  0.000e+00
      10894      6.403    20.4532   1.577978  1005.8719    10.2032  736456440     13.006    55.5352 1.5908e+00    8.48728   34.14024  -77.94700  0.000e+00
      10895      6.437    20.4546   1.577845  1005.8707    10.2019  736456441     13.052    55.4971 1.5976e+00    8.48711   34.14028  -77.94706  0.000e+00
      10896      6.457    20.4572   1.584489  1005.9050    10.2479  736456441     13.285    55.4513 1.5869e+00    8.48440   34.14026  -77.94704  0.000e+00
      10897      6.497    20.4585   1.588620  1005.9266    10.2766  736456441     13.109    55.4055 1.5999e+00    8.48275   34.14026  -77.94704  0.000e+00
      10898      6.522    20.4592   1.588437  1005.9254    10.2751  736456441     13.005    55.3597 1.5885e+00    8.48271   34.14026  -77.94704  0.000e+00
      10899      6.538    20.4637   1.598670  1005.9779    10.3459  736456441     13.270    55.2987 1.6022e+00    8.47844   34.14026  -77.94704  0.000e+00
      10900      6.558    20.4667   1.609260  1006.0330    10.4196  736456441     13.691    55.2453 1.5961e+00    8.47429   34.14026  -77.94704  0.000e+00
      10901      6.598    20.4685   1.609710  1006.0348    10.4223  736456441     13.636    55.1614 1.6075e+00    8.47386   34.14026  -77.94704  0.000e+00
      10902      6.605    20.4710   1.619649  1006.0866    10.4915  736456441     13.846    55.0622 1.6106e+00    8.47001   34.14026  -77.94704  0.000e+00
      10903      6.630    20.4710   1.616660  1006.0709    10.4705  736456442     13.630    54.9630 1.6083e+00    8.47105   34.14030  -77.94708  0.000e+00
      10904      6.651    20.4733   1.624005  1006.1090    10.5216  736456442     13.676    54.8867 1.6167e+00    8.46813   34.14028  -77.94706  0.000e+00
      10905      6.675    20.4733   1.623552  1006.1068    10.5184  736456442     14.002    54.8104 1.6121e+00    8.46830   34.14028  -77.94706  0.000e+00
      10906      6.709    20.4742   1.624305  1006.1105    10.5235  736456442     13.928    54.7341 1.5976e+00    8.46790   34.14028  -77.94706  0.000e+00
      10907      6.717    20.4733   1.623065  1006.1043    10.5150  736456442     13.596    54.6883 1.6121e+00    8.46846   34.14028  -77.94706  0.000e+00
      10908      6.733    20.4739   1.624727  1006.1130    10.5265  736456442     13.508    54.6197 1.6159e+00    8.46780   34.14028  -77.94706  0.000e+00
      10909      6.751    20.4738   1.623448  1006.1063    10.5175  736456442     13.420    54.5815 1.6014e+00    8.46825   34.14028  -77.94706  0.000e+00
      10910      6.746    20.4740   1.625547  1006.1174    10.5323  736456442     13.764    54.5510 1.6098e+00    8.46750   34.14028  -77.94706  0.000e+00
      10911      6.752    20.4743   1.624840  1006.1135    10.5272  736456443     13.691    54.5434 1.6121e+00    8.46769   34.14030  -77.94710  0.000e+00
      10912      6.756    20.4735   1.623587  1006.1072    10.5186  736456443     13.518    54.5357 1.6022e+00    8.46825   34.14030  -77.94708  0.000e+00
      10913      6.752    20.4730   1.625273  1006.1164    10.5306  736456443     13.617    54.5434 1.6007e+00    8.46773   34.14030  -77.94708  0.000e+00
      10914      6.750    20.4697   1.615272  1006.0646    10.4611  736456443     13.336    54.5510 1.6129e+00    8.47174   34.14030  -77.94708  0.000e+00
      10915      6.762    20.4662   1.605794  1006.0157    10.3953  736456443     13.256    54.5510 1.6129e+00    8.47557   34.14030  -77.94708  0.000e+00
      10916      6.771    20.4685   1.608764  1006.0306    10.4156  736456443     13.436    54.5815 1.6136e+00    8.47420   34.14030  -77.94708  0.000e+00
      10917      6.792    20.4695   1.616122  1006.0694    10.4671  736456443     13.210    54.6044 1.6121e+00    8.47147   34.14030  -77.94708  0.000e+00
      10918      6.803    20.4704   1.617381  1006.0757    10.4757  736456443     13.479    54.6197 1.5953e+00    8.47089   34.14030  -77.94708  0.000e+00
      10919      6.814    20.4707   1.617662  1006.0772    10.4776  736456444     13.310    54.6197 1.5908e+00    8.47075   34.14032  -77.94712  0.000e+00
      10920      6.814    20.4699   1.616324  1006.0703    10.4684  736456444     13.323    54.6426 1.6159e+00    8.47133   34.14032  -77.94710  0.000e+00
      10921      6.834    20.4704   1.615148  1006.0640    10.4600  736456444     13.624    54.6502 1.6312e+00    8.47167   34.14032  -77.94710  0.000e+00
      10922      6.840    20.4717   1.618533  1006.0815    10.4835  736456444     13.485    54.6502 1.6167e+00    8.47030   34.14032  -77.94710  0.000e+00
      10923      6.841    20.4736   1.625879  1006.1198    10.5347  736456444     13.481    54.6273 1.6083e+00    8.46744   34.14032  -77.94710  0.000e+00
      10924      6.861    20.4734   1.622903  1006.1041    10.5138  736456444     13.544    54.6197 1.5976e+00    8.46851   34.14032  -77.94710  0.000e+00
      10925      6.858    20.4744   1.626398  1006.1222    10.5381  736456444     13.596    54.5968 1.6083e+00    8.46714   34.14032  -77.94710  0.000e+00
      10926      6.882    20.4766   1.630644  1006.1440    10.5675  736456445     13.611    54.5663 1.6121e+00    8.46532   34.14034  -77.94714  0.000e+00
      10927      6.890    20.4785   1.636810  1006.1760    10.6104  736456445     13.888    54.5586 1.6121e+00    8.46287   34.14034  -77.94714  0.000e+00
      10928      6.875    20.4787   1.642230  1006.2047    10.6485  736456445     13.779    54.5205 1.6182e+00    8.46094   34.14032  -77.94712  0.000e+00
      10929      6.887    20.4769   1.632557  1006.1541    10.5808  736456445     13.577    54.4671 1.6045e+00    8.46461   34.14032  -77.94712  0.000e+00
      10930      6.897    20.4760   1.633255  1006.1582    10.5860  736456445     13.519    54.4289 1.6098e+00    8.46450   34.14032  -77.94712  0.000e+00
      10931      6.904    20.4718   1.624610  1006.1140    10.5262  736456445     13.397    54.3908 1.5999e+00    8.46816   34.14032  -77.94712  0.000e+00
      10932      6.900    20.4714   1.614624  1006.0611    10.4561  736456445     13.422    54.4213 1.6152e+00    8.47170   34.14032  -77.94712  0.000e+00
      10933      6.895    20.4771   1.631792  1006.1500    10.5754  736456445     13.678    54.4442 1.6251e+00    8.46484   34.14032  -77.94712  0.000e+00
      10934      6.896    20.4821   1.649366  1006.2414    10.6979  736456446     13.674    54.4671 1.6213e+00    8.45794   34.14036  -77.94716  0.000e+00
      10935      6.900    20.4797   1.650247  1006.2471    10.7047  736456446     13.464    54.4747 1.6129e+00    8.45798   34.14034  -77.94714  0.000e+00
      10936      6.891    20.4723   1.621964  1006.0997    10.5075  736456446     13.134    54.4671 1.6098e+00    8.46900   34.14034  -77.94714  0.000e+00
      10937      6.895    20.4706   1.614509  1006.0608    10.4554  736456446     12.995    54.4594 1.6129e+00    8.47186   34.14034  -77.94714  0.000e+00
      10938      6.869    20.4694   1.616498  1006.0717    10.4697  736456446     12.903    54.4900 1.6060e+00    8.47135   34.14034  -77.94714  0.000e+00
      10939      6.869    20.4705   1.616123  1006.0693    10.4668  736456446     13.304    54.5434 1.6075e+00    8.47132   34.14034  -77.94714  0.000e+00
      10940      6.877    20.4739   1.625279  1006.1166    10.5304  736456446     13.418    54.5739 1.6098e+00    8.46761   34.14034  -77.94714  0.000e+00
      10941      6.855    20.4794   1.638968  1006.1870    10.6254  736456446     13.458    54.5968 1.6197e+00    8.46199   34.14034  -77.94714  0.000e+00
