data/acrobat/050323/wing angle4.cnv
* Sea-Bird SBE 25plus Data File:
* FileName = C:\Users\wellsd\Desktop\CTD Data\050323\wing angle4.hex
* Software Version Seasave V 7.26.7.121
* Temperature SN = 5827
* Conductivity SN = 4363
* System UpLoad Time = May 03 2023 14:51:19
* NMEA Latitude = 34 06.88 N
* NMEA Longitude = 077 56.15 W
* NMEA UTC (Time) = May 03 2023 18:51:18
** Ship:
** Station:
** Operator:
# nquan = 14
# nvalues = 17981                                 
# units = specified
# name 0 = scan: Scan Count
# name 1 = depSM: Depth [salt water, m]
# name 2 = t090C: Temperature [ITS-90, deg C]
# name 3 = c0S/m: Conductivity [S/m]
# name 4 = density00: Density [density, kg/m^3]
# name 5 = sal00: Salinity, Practical [PSU]
# name 6 = timeQ: Time, NMEA [seconds]
# name 7 = seaTurbMtr: Turbidity, Seapoint [FTU]
# name 8 = flSPuv0: Fluorescence, Seapoint Ultraviolet
# name 9 = flSP: Fluorescence, Seapoint
# name 10 = oxsolMg/L: Oxygen Saturation, Garcia & Gordon [mg/l]
# name 11 = latitude: Latitude [deg]
# name 12 = longitude: Longitude [deg]
# name 13 = flag:  0.000e+00
# span 0 =          1,      17981                 
# span 1 =     -0.055,      7.698                 
# span 2 =    20.3102,    20.7280                 
# span 3 =   0.458271,   1.663057                 
# span 4 =  1000.1659,  1006.3117                 
# span 5 =     2.7025,    10.7929                 
# span 6 =  736455078,  736457327                 
# span 7 =      0.000,     33.654                 
# span 8 =    54.1085,    61.5473                 
# span 9 = 0.0000e+00, 3.1914e+00                 
# span 10 =    8.45230,    8.86602                
# span 11 =   34.11462,   34.15962                
# span 12 =  -77.95958,  -77.93468                
# span 13 = 0.0000e+00, 0.0000e+00                
# interval = seconds: 0.125
# start_time = May 03 2023 18:51:18 [NMEA time, first data scan]
# bad_flag = -9.990e-29
*END*
[from data line 4336]
       4337      0.781    20.4381   0.876059  1002.2234     5.4076  736455620     11.290    60.1892 1.5915e+00    8.73227   34.12420  -77.93540  0.000e+00
       4338      0.768    20.4282   0.880084  1002.2466     5.4356  736455620     11.126    60.2045 1.5953e+00    8.73252   34.12420  -77.93540  0.000e+00
       4339      0.758    20.4391   0.885271  1002.2692     5.4686  736455621     11.116    60.2121 1.5946e+00    8.72897   34.12422  -77.93542  0.000e+00
       4340      0.740    20.4665   0.867993  1002.1737     5.3506  736455621     11.414    60.2274 1.5961e+00    8.73036   34.12422  -77.93540  0.000e+00
       4341      0.728    20.4688   0.862078  1002.1433     5.3112  736455621     11.395    60.2274 1.5984e+00    8.73198   34.12422  -77.93540  0.000e+00
       4342      0.708    20.4785   0.861909  1002.1394     5.3088  736455621     11.294    60.2045 1.6098e+00    8.73046   34.12422  -77.93540  0.000e+00
       4343      0.703    20.4781   0.857810  1002.1189     5.2818  736455621     11.450    60.1892 1.6190e+00    8.73191   34.12422  -77.93540  0.000e+00
       4344      0.712    20.4758   0.861593  1002.1387     5.3071  736455621     11.448    60.1663 1.6106e+00    8.73101   34.12422  -77.93540  0.000e+00
       4345      0.731    20.4679   0.861055  1002.1385     5.3045  736455621     11.608    60.1511 1.6106e+00    8.73248   34.12422  -77.93540  0.000e+00
       4346      0.731    20.4585   0.869350  1002.1830     5.3606  736455621     11.513    60.1511 1.6205e+00    8.73121   34.12422  -77.93540  0.000e+00
       4347      0.710    20.4669   0.866430  1002.1657     5.3402  736455621     11.465    60.1358 1.6251e+00    8.73082   34.12422  -77.93540  0.000e+00
       4348      0.712    20.4754   0.861719  1002.1394     5.3080  736455622     11.450    60.1282 1.6037e+00    8.73102   34.12424  -77.93542  0.000e+00
       4349      0.714    20.4807   0.859724  1002.1278     5.2941  736455622     11.597    60.1282 1.6526e+00    8.73084   34.12424  -77.93540  0.000e+00
       4350      0.698    20.4872   0.857877  1002.1164     5.2811  736455622     11.519    60.1205 1.6197e+00    8.73041   34.12424  -77.93540  0.000e+00
       4351      0.706    20.4892   0.856849  1002.1107     5.2741  736455622     11.458    60.1053 1.6220e+00    8.73041   34.12424  -77.93540  0.000e+00
       4352      0.726    20.4733   0.858671  1002.1249     5.2881  736455622     11.368    60.1053 1.6091e+00    8.73241   34.12424  -77.93540  0.000e+00
       4353      0.737    20.4503   0.870943  1002.1936     5.3722  736455622     11.505    60.0977 1.5862e+00    8.73201   34.12424  -77.93540  0.000e+00
       4354      0.739    20.4550   0.871411  1002.1945     5.3747  736455622     11.660    60.0900 1.5862e+00    8.73109   34.12424  -77.93540  0.000e+00
       4355      0.749    20.4561   0.866271  1002.1684     5.3405  736455622     11.585    60.0977 1.5923e+00    8.73264   34.12424  -77.93540  0.000e+00
       4356      0.765    20.4340   0.874417  1002.2163     5.3972  736455623     11.419    60.1053 1.5854e+00    8.73350   34.12426  -77.93542  0.000e+00
       4357      0.789    20.4244   0.881410  1002.2546     5.4448  736455623     11.410    60.1129 1.5908e+00    8.73269   34.12426  -77.93540  0.000e+00
       4358      0.802    20.4417   0.875525  1002.2196     5.4036  736455623     11.532    60.1282 1.5816e+00    8.73186   34.12426  -77.93540  0.000e+00
       4359      0.828    20.4689   0.867293  1002.1699     5.3457  736455623     11.328    60.1663 1.5930e+00    8.73020   34.12426  -77.93540  0.000e+00
       4360      0.844    20.4880   0.857574  1002.1153     5.2790  736455623     11.236    60.1892 1.5938e+00    8.73037   34.12426  -77.93540  0.000e+00
       4361      0.860    20.4951   0.855595  1002.1032     5.2650  736455623     11.267    60.1816 1.6075e+00    8.72988   34.12426  -77.93540  0.000e+00
       4362      0.879    20.4920   0.856316  1002.1079     5.2702  736455623     11.212    60.1663 1.6121e+00    8.73014   34.12426  -77.93540  0.000e+00
       4363      0.902    20.4797   0.856901  1002.1148     5.2756  736455624     11.374    60.1434 1.6098e+00    8.73196   34.12428  -77.93542  0.000e+00
       4364      0.925    20.4346   0.872214  1002.2058     5.3825  736455624     11.398    60.1205 1.6030e+00    8.73416   34.12428  -77.93540  0.000e+00
       4365      0.937    20.4098   0.888464  1002.2953     5.4935  736455624     11.131    60.1282 1.5770e+00    8.73268   34.12428  -77.93540  0.000e+00
       4366      0.969    20.4397   0.883683  1002.2620     5.4580  736455624     11.156    60.1663 1.5694e+00    8.72942   34.12428  -77.93540  0.000e+00
       4367      0.987    20.4560   0.863067  1002.1535     5.3193  736455624     11.227    60.2121 1.5961e+00    8.73375   34.12428  -77.93540  0.000e+00
       4368      1.009    20.4569   0.864513  1002.1605     5.3287  736455624     11.223    60.2274 1.6045e+00    8.73311   34.12428  -77.93540  0.000e+00
       4369      1.010    20.4332   0.869653  1002.1938     5.3657  736455624     11.074    60.2121 1.5877e+00    8.73525   34.12428  -77.93540  0.000e+00
       4370      1.022    20.4153   0.884539  1002.2742     5.4668  736455624     11.067    60.2274 1.5648e+00    8.73311   34.12428  -77.93540  0.000e+00
       4371      1.034    20.4316   0.879552  1002.2441     5.4316  736455625     11.187    60.2502 1.5610e+00    8.73215   34.12430  -77.93544  0.000e+00
       4372      1.054    20.4553   0.863152  1002.1544     5.3199  736455625     11.234    60.2731 1.5702e+00    8.73383   34.12430  -77.93540  0.000e+00
       4373      1.057    20.4428   0.862524  1002.1552     5.3173  736455625     11.284    60.2960 1.5740e+00    8.73610   34.12430  -77.93540  0.000e+00
       4374      1.082    20.4146   0.878580  1002.2448     5.4273  736455625     11.234    60.2884 1.5747e+00    8.73526   34.12430  -77.93540  0.000e+00
       4375      1.126    20.4140   0.892500  1002.3151     5.5198  736455625     11.442    60.2808 1.5778e+00    8.73061   34.12430  -77.93540  0.000e+00
       4376      1.152    20.4254   0.876435  1002.2309     5.4117  736455625     11.494    60.2808 1.5808e+00    8.73423   34.12430  -77.93540  0.000e+00
       4377      1.192    20.3995   0.890976  1002.3124     5.5115  736455625     11.072    60.2655 1.5824e+00    8.73352   34.12430  -77.93540  0.000e+00
       4378      1.217    20.4316   0.889657  1002.2957     5.4987  736455625     11.126    60.2579 1.5747e+00    8.72871   34.12430  -77.93540  0.000e+00
       4379      1.241    20.4646   0.865363  1002.1634     5.3334  736455626     11.460    60.2655 1.5778e+00    8.73156   34.12432  -77.93544  0.000e+00
       4380      1.254    20.4709   0.859199  1002.1307     5.2918  736455626     11.376    60.2731 1.5862e+00    8.73263   34.12430  -77.93540  0.000e+00
       4381      1.262    20.4402   0.867282  1002.1808     5.3491  736455626     11.364    60.2502 1.5801e+00    8.73491   34.12430  -77.93540  0.000e+00
       4382      1.279    20.4240   0.878644  1002.2431     5.4265  736455626     11.170    60.2426 1.5717e+00    8.73371   34.12430  -77.93540  0.000e+00
       4383      1.296    20.4173   0.880924  1002.2567     5.4425  736455626     11.179    60.2426 1.5724e+00    8.73403   34.12430  -77.93540  0.000e+00
       4384      1.310    20.4054   0.884091  1002.2764     5.4650  736455626     11.210    60.2655 1.5610e+00    8.73489   34.12430  -77.93540  0.000e+00
       4385      1.318    20.3989   0.890358  1002.3101     5.5075  736455626     11.282    60.2808 1.5671e+00    8.73383   34.12430  -77.93540  0.000e+00
       4386      1.343    20.4021   0.886139  1002.2879     5.4790  736455626     11.341    60.2960 1.5511e+00    8.73473   34.12430  -77.93540  0.000e+00
       4387      1.360    20.3909   0.890348  1002.3127     5.5085  736455627     11.330    60.3113 1.5587e+00    8.73513   34.12434  -77.93544  0.000e+00
       4388      1.374    20.3995   0.889231  1002.3045     5.4999  736455627     11.311    60.3342 1.5717e+00    8.73412   34.12432  -77.93540  0.000e+00
       4389      1.374    20.3876   0.892082  1002.3226     5.5204  736455627     11.328    60.3571 1.5625e+00    8.73509   34.12432  -77.93540  0.000e+00
       4390      1.388    20.3816   0.897812  1002.3534     5.5593  736455627     11.290    60.3723 1.5518e+00    8.73411   34.12432  -77.93540  0.000e+00
       4391      1.404    20.3882   0.894607  1002.3352     5.5371  736455627     11.313    60.3952 1.5557e+00    8.73413   34.12432  -77.93540  0.000e+00
       4392      1.409    20.3888   0.889983  1002.3118     5.5063  736455627     11.336    60.3952 1.5541e+00    8.73560   34.12432  -77.93540  0.000e+00
       4393      1.427    20.3846   0.890328  1002.3149     5.5091  736455627     11.444    60.3952 1.5595e+00    8.73617   34.12432  -77.93540  0.000e+00
       4394      1.451    20.3739   0.897887  1002.3565     5.5608  736455628     11.435    60.3952 1.5557e+00    8.73534   34.12436  -77.93544  0.000e+00
       4395      1.471    20.3718   0.903015  1002.3831     5.5952  736455628     11.284    60.4028 1.5633e+00    8.73394   34.12436  -77.93544  0.000e+00
       4396      1.476    20.3746   0.899473  1002.3644     5.5713  736455628     11.387    60.4105 1.5610e+00    8.73470   34.12434  -77.93542  0.000e+00
       4397      1.490    20.3760   0.898568  1002.3594     5.5651  736455628     11.326    60.4105 1.5526e+00    8.73476   34.12434  -77.93542  0.000e+00
       4398      1.505    20.3724   0.900715  1002.3715     5.5798  736455628     11.341    60.3952 1.5488e+00    8.73462   34.12434  -77.93542  0.000e+00
       4399      1.523    20.3866   0.905919  1002.3932     5.6126  736455628     11.191    60.3952 1.5640e+00    8.73052   34.12434  -77.93542  0.000e+00
       4400      1.543    20.3927   0.891398  1002.3183     5.5152  736455628     11.229    60.4028 1.5633e+00    8.73448   34.12434  -77.93542  0.000e+00
       4401      1.548    20.3727   0.909233  1002.4145     5.6365  736455628     11.299    60.3952 1.5602e+00    8.73167   34.12434  -77.93542  0.000e+00
       4402      1.560    20.3923   0.908523  1002.4047     5.6292  736455628     11.362    60.3876 1.5778e+00    8.72871   34.12434  -77.93542  0.000e+00
       4403      1.555    20.3621   0.914233  1002.4432     5.6713  736455628     11.152    60.3876 1.5702e+00    8.73169   34.12434  -77.93542  0.000e+00
       4404      1.561    20.3426   0.942945  1002.5946     5.8657  736455629     11.122    60.4028 1.5625e+00    8.72504   34.12438  -77.93544  0.000e+00
       4405      1.559    20.3393   0.945798  1002.6102     5.8852  736455629     11.078    60.4105 1.5610e+00    8.72460   34.12436  -77.93542  0.000e+00
       4406      1.568    20.3409   0.936698  1002.5636     5.8241  736455629     11.036    60.4257 1.5541e+00    8.72746   34.12436  -77.93542  0.000e+00
       4407      1.561    20.3462   0.930902  1002.5326     5.7847  736455629     11.126    60.4334 1.5480e+00    8.72859   34.12436  -77.93542  0.000e+00
       4408      1.559    20.3473   0.937289  1002.5645     5.8272  736455629     11.036    60.4410 1.5564e+00    8.72621   34.12436  -77.93542  0.000e+00
       4409      1.587    20.3536   0.949668  1002.6253     5.9092  736455629     11.261    60.4410 1.5648e+00    8.72094   34.12436  -77.93542  0.000e+00
       4410      1.623    20.3552   0.948420  1002.6186     5.9006  736455629     11.404    60.4257 1.5694e+00    8.72110   34.12436  -77.93542  0.000e+00
       4411      1.656    20.3559   0.943751  1002.5949     5.8693  736455629     11.345    60.4105 1.5717e+00    8.72260   34.12436  -77.93542  0.000e+00
       4412      1.662    20.3583   0.939105  1002.5706     5.8379  736455630     11.248    60.3876 1.5633e+00    8.72380   34.12440  -77.93544  0.000e+00
       4413      1.691    20.3611   0.934309  1002.5456     5.8054  736455630     11.234    60.3571 1.5770e+00    8.72499   34.12438  -77.93542  0.000e+00
       4414      1.711    20.3596   0.923482  1002.4914     5.7333  736455630     11.248    60.3494 1.5869e+00    8.72893   34.12438  -77.93542  0.000e+00
       4415      1.726    20.3578   0.938724  1002.5691     5.8354  736455630     11.435    60.3418 1.5877e+00    8.72401   34.12438  -77.93542  0.000e+00
       4416      1.736    20.3528   0.951124  1002.6336     5.9190  736455630     11.269    60.3342 1.5816e+00    8.72056   34.12438  -77.93542  0.000e+00
       4417      1.751    20.3401   0.966409  1002.7153     6.0232  736455630     11.139    60.3265 1.5732e+00    8.71739   34.12438  -77.93542  0.000e+00
       4418      1.760    20.3349   0.960034  1002.6847     5.9812  736455630     11.034    60.3189 1.5625e+00    8.72042   34.12438  -77.93542  0.000e+00
       4419      1.764    20.3346   0.951995  1002.6440     5.9274  736455630     11.120    60.3265 1.5579e+00    8.72324   34.12438  -77.93542  0.000e+00
       4420      1.757    20.3360   0.942670  1002.5963     5.8647  736455631     11.158    60.3571 1.5579e+00    8.72620   34.12442  -77.93544  0.000e+00
       4421      1.771    20.3398   0.941711  1002.5903     5.8578  736455631     11.213    60.3876 1.5587e+00    8.72592   34.12440  -77.93542  0.000e+00
       4422      1.772    20.3479   0.953660  1002.6482     5.9367  736455631     11.147    60.4105 1.5610e+00    8.72051   34.12440  -77.93542  0.000e+00
       4423      1.765    20.3546   0.953393  1002.6446     5.9340  736455631     11.179    60.4181 1.5709e+00    8.71950   34.12440  -77.93542  0.000e+00
       4424      1.764    20.3591   0.951688  1002.6345     5.9219  736455631     11.229    60.4105 1.5793e+00    8.71935   34.12440  -77.93542  0.000e+00
       4425      1.776    20.3602   0.950385  1002.6276     5.9131  736455631     11.158    60.3876 1.5808e+00    8.71961   34.12440  -77.93542  0.000e+00
       4426      1.792    20.3569   0.950702  1002.6303     5.9156  736455631     11.124    60.3571 1.5793e+00    8.72005   34.12440  -77.93542  0.000e+00
       4427      1.798    20.3596   0.952151  1002.6369     5.9250  736455632     11.189    60.3265 1.5724e+00    8.71912   34.12442  -77.93544  0.000e+00
       4428      1.823    20.3616   0.950679  1002.6289     5.9148  736455632     11.254    60.3113 1.5702e+00    8.71929   34.12442  -77.93542  0.000e+00
       4429      1.843    20.3678   0.950958  1002.6283     5.9158  736455632     11.421    60.2808 1.5785e+00    8.71818   34.12442  -77.93542  0.000e+00
       4430      1.854    20.3734   0.953686  1002.6404     5.9333  736455632     11.515    60.2426 1.5824e+00    8.71634   34.12442  -77.93542  0.000e+00
       4431      1.862    20.3761   0.953422  1002.6382     5.9312  736455632     11.477    60.2274 1.5938e+00    8.71599   34.12442  -77.93542  0.000e+00
       4432      1.880    20.3748   0.953498  1002.6391     5.9319  736455632     11.315    60.1968 1.6060e+00    8.71618   34.12442  -77.93542  0.000e+00
       4433      1.898    20.3753   0.952174  1002.6323     5.9229  736455632     11.257    60.1816 1.5991e+00    8.71655   34.12442  -77.93542  0.000e+00
       4434      1.902    20.3801   0.953329  1002.6366     5.9300  736455632     11.290    60.1587 1.6068e+00    8.71537   34.12442  -77.93542  0.000e+00
       4435      1.907    20.3848   0.962198  1002.6800     5.9887  736455633     11.357    60.1282 1.6075e+00    8.71157   34.12444  -77.93544  0.000e+00
       4436      1.921    20.3837   0.965130  1002.6953     6.0085  736455633     11.322    60.1053 1.6098e+00    8.71074   34.12444  -77.93542  0.000e+00
       4437      1.934    20.3840   0.962583  1002.6824     5.9914  736455633     11.519    60.0824 1.6014e+00    8.71157   34.12444  -77.93542  0.000e+00
       4438      1.924    20.3841   0.958169  1002.6599     5.9619  736455633     11.526    60.0595 1.6022e+00    8.71307   34.12444  -77.93542  0.000e+00
