data/acrobat/050323/wing angle4.cnv
* Sea-Bird SBE 25plus Data File:
* FileName = C:\Users\wellsd\Desktop\CTD Data\050323\wing angle4.hex
* Software Version Seasave V 7.26.7.121
* Temperature SN = 5827
* Conductivity SN = 4363
* System UpLoad Time = May 03 2023 14:51:19
* NMEA Latitude = 34 06.88 N
* NMEA Longitude = 077 56.15 W
* NMEA UTC (Time) = May 03 2023 18:51:18
** Ship:
** Station:
** Operator:
# nquan = 14
# nvalues = 17981                                 
# units = specified
# name 0 = scan: Scan Count
# name 1 = depSM: Depth [salt water, m]
# name 2 = t090C: Temperature [ITS-90, deg C]
# name 3 = c0S/m: Conductivity [S/m]
# name 4 = density00: Density [density, kg/m^3]
# name 5 = sal00: Salinity, Practical [PSU]
# name 6 = timeQ: Time, NMEA [seconds]
# name 7 = seaTurbMtr: Turbidity, Seapoint [FTU]
# name 8 = flSPuv0: Fluorescence, Seapoint Ultraviolet
# name 9 = flSP: Fluorescence, Seapoint
# name 10 = oxsolMg/L: Oxygen Saturation, Garcia & Gordon [mg/l]
# name 11 = latitude: Latitude [deg]
# name 12 = longitude: Longitude [deg]
# name 13 = flag:  0.000e+00
# span 0 =          1,      17981                 
# span 1 =     -0.055,      7.698                 
# span 2 =    20.3102,    20.7280                 
# span 3 =   0.458271,   1.663057                 
# span 4 =  1000.1659,  1006.3117                 
# span 5 =     2.7025,    10.7929                 
# span 6 =  736455078,  736457327                 
# span 7 =      0.000,     33.654                 
# span 8 =    54.1085,    61.5473                 
# span 9 = 0.0000e+00, 3.1914e+00                 
# span 10 =    8.45230,    8.86602                
# span 11 =   34.11462,   34.15962                
# span 12 =  -77.95958,  -77.93468                
# span 13 = 0.0000e+00, 0.0000e+00                
# interval = seconds: 0.125
# start_time = May 03 2023 18:51:18 [NMEA time, first data scan]
# bad_flag = -9.990e-29
*END*
[from data line 1136]
       1137      1.604    20.5343   1.007330  1002.8582     6.2698  736455220     11.414    58.6175 1.7960e+00    8.67195   34.11702  -77.93514  0.000e+00
       1138      1.608    20.5338   1.007561  1002.8595     6.2714  736455220     11.442    58.6023 1.7784e+00    8.67195   34.11702  -77.93514  0.000e+00
       1139      1.618    20.5347   1.010106  1002.8722     6.2884  736455220     11.324    58.5946 1.7861e+00    8.67094   34.11702  -77.93514  0.000e+00
       1140      1.624    20.5365   0.996379  1002.8020     6.1961  736455220     11.343    58.5794 1.7769e+00    8.67533   34.11702  -77.93514  0.000e+00
       1141      1.633    20.5370   0.997365  1002.8069     6.2027  736455221     11.400    58.5641 1.7853e+00    8.67491   34.11706  -77.93516  0.000e+00
       1142      1.642    20.5375   0.995075  1002.7952     6.1873  736455221     11.458    58.5794 1.7922e+00    8.67561   34.11704  -77.93514  0.000e+00
       1143      1.647    20.5381   0.993815  1002.7886     6.1787  736455221     11.402    58.5946 1.7891e+00    8.67594   34.11704  -77.93514  0.000e+00
       1144      1.656    20.5405   0.985518  1002.7459     6.1229  736455221     11.633    58.5946 1.7716e+00    8.67838   34.11704  -77.93514  0.000e+00
       1145      1.662    20.5418   0.973025  1002.6823     6.0392  736455221     11.313    58.6023 1.7708e+00    8.68243   34.11704  -77.93514  0.000e+00
       1146      1.674    20.5413   0.976134  1002.6982     6.0600  736455221     11.208    58.6252 1.7762e+00    8.68144   34.11704  -77.93514  0.000e+00
       1147      1.680    20.5416   0.974708  1002.6909     6.0505  736455221     11.326    58.6557 1.7723e+00    8.68188   34.11704  -77.93514  0.000e+00
       1148      1.694    20.5374   0.986583  1002.7524     6.1304  736455221     11.336    58.6938 1.7746e+00    8.67852   34.11704  -77.93514  0.000e+00
       1149      1.717    20.5380   1.002066  1002.8307     6.2340  736455222     11.410    58.6938 1.7807e+00    8.67315   34.11708  -77.93516  0.000e+00
       1150      1.735    20.5393   0.976915  1002.7031     6.0655  736455222     11.164    58.7015 1.7922e+00    8.68151   34.11706  -77.93514  0.000e+00
       1151      1.748    20.5394   0.985852  1002.7483     6.1253  736455222     11.297    58.6938 1.8036e+00    8.67845   34.11706  -77.93514  0.000e+00
       1152      1.764    20.5396   0.976178  1002.6994     6.0606  736455222     11.147    58.6938 1.8090e+00    8.68170   34.11706  -77.93514  0.000e+00
       1153      1.776    20.5388   0.986058  1002.7497     6.1267  736455222     11.429    58.6938 1.7952e+00    8.67847   34.11706  -77.93514  0.000e+00
       1154      1.780    20.5375   0.987380  1002.7568     6.1357  736455222     11.543    58.6938 1.7990e+00    8.67823   34.11706  -77.93514  0.000e+00
       1155      1.786    20.5369   0.999537  1002.8186     6.2172  736455222     11.492    58.6786 1.7830e+00    8.67418   34.11706  -77.93514  0.000e+00
       1156      1.805    20.5370   0.998055  1002.8111     6.2073  736455223     11.444    58.6709 1.7762e+00    8.67467   34.11710  -77.93514  0.000e+00
       1157      1.810    20.5373   0.997518  1002.8083     6.2036  736455223     11.355    58.6557 1.7815e+00    8.67481   34.11710  -77.93514  0.000e+00
       1158      1.805    20.5371   0.994794  1002.7946     6.1854  736455223     11.261    58.6328 1.7800e+00    8.67577   34.11708  -77.93514  0.000e+00
       1159      1.794    20.5366   0.997908  1002.8105     6.2063  736455223     11.303    58.6328 1.7906e+00    8.67478   34.11708  -77.93514  0.000e+00
       1160      1.786    20.5363   0.999698  1002.8196     6.2184  736455223     11.376    58.6404 1.7960e+00    8.67422   34.11708  -77.93514  0.000e+00
       1161      1.763    20.5363   0.997483  1002.8083     6.2035  736455223     11.376    58.6404 1.7990e+00    8.67498   34.11708  -77.93514  0.000e+00
       1162      1.750    20.5358   1.000013  1002.8212     6.2206  736455223     11.393    58.6481 1.8250e+00    8.67420   34.11708  -77.93514  0.000e+00
       1163      1.736    20.5352   1.003309  1002.8380     6.2427  736455223     11.530    58.6404 1.8051e+00    8.67317   34.11708  -77.93514  0.000e+00
       1164      1.712    20.5358   1.003940  1002.8409     6.2468  736455223     11.435    58.6252 1.7800e+00    8.67285   34.11708  -77.93514  0.000e+00
       1165      1.696    20.5369   0.986136  1002.7504     6.1275  736455223     11.492    58.6099 1.7876e+00    8.67875   34.11708  -77.93514  0.000e+00
       1166      1.682    20.5360   0.993983  1002.7903     6.1802  736455224     11.458    58.6023 1.7922e+00    8.67623   34.11712  -77.93514  0.000e+00
       1167      1.675    20.5353   0.996874  1002.8052     6.1996  736455224     11.450    58.6023 1.7815e+00    8.67535   34.11710  -77.93514  0.000e+00
       1168      1.671    20.5360   0.998909  1002.8152     6.2131  736455224     11.374    58.6099 1.7792e+00    8.67454   34.11710  -77.93514  0.000e+00
       1169      1.674    20.5381   0.983542  1002.7367     6.1100  736455224     11.301    58.6175 1.7754e+00    8.67945   34.11710  -77.93514  0.000e+00
       1170      1.665    20.5387   0.975205  1002.6943     6.0542  736455224     11.332    58.6252 1.7571e+00    8.68218   34.11710  -77.93514  0.000e+00
       1171      1.675    20.5389   0.979688  1002.7170     6.0841  736455224     11.221    58.6557 1.7708e+00    8.68062   34.11710  -77.93514  0.000e+00
       1172      1.698    20.5387   0.983043  1002.7341     6.1066  736455224     11.419    58.6938 1.7876e+00    8.67951   34.11710  -77.93514  0.000e+00
       1173      1.717    20.5380   0.985625  1002.7475     6.1239  736455224     11.471    58.7091 1.7845e+00    8.67874   34.11710  -77.93514  0.000e+00
       1174      1.731    20.5365   0.993211  1002.7865     6.1749  736455225     11.454    58.7243 1.7754e+00    8.67641   34.11714  -77.93514  0.000e+00
       1175      1.745    20.5353   1.001604  1002.8294     6.2313  736455225     11.450    58.7167 1.7853e+00    8.67373   34.11710  -77.93514  0.000e+00
       1176      1.755    20.5356   1.000229  1002.8224     6.2220  736455225     11.362    58.7015 1.7998e+00    8.67416   34.11710  -77.93514  0.000e+00
       1177      1.755    20.5351   1.002173  1002.8324     6.2351  736455225     11.492    58.6786 1.7906e+00    8.67357   34.11710  -77.93514  0.000e+00
       1178      1.748    20.5354   1.005360  1002.8484     6.2564  736455225     11.513    58.6557 1.7998e+00    8.67244   34.11710  -77.93514  0.000e+00
       1179      1.756    20.5360   0.999094  1002.8165     6.2144  736455225     11.591    58.6481 1.8029e+00    8.67448   34.11710  -77.93514  0.000e+00
       1180      1.765    20.5353   0.999811  1002.8204     6.2193  736455225     11.482    58.6328 1.8029e+00    8.67435   34.11710  -77.93514  0.000e+00
       1181      1.760    20.5340   1.008361  1002.8642     6.2767  736455226     11.505    58.6175 1.7998e+00    8.67164   34.11716  -77.93514  0.000e+00
       1182      1.752    20.5341   1.009293  1002.8688     6.2830  736455226     11.463    58.6099 1.8051e+00    8.67131   34.11712  -77.93514  0.000e+00
       1183      1.747    20.5344   1.006884  1002.8565     6.2668  736455226     11.379    58.5870 1.8021e+00    8.67209   34.11712  -77.93514  0.000e+00
       1184      1.741    20.5336   1.007468  1002.8597     6.2708  736455226     11.505    58.5794 1.7731e+00    8.67201   34.11712  -77.93514  0.000e+00
       1185      1.735    20.5341   1.011369  1002.8793     6.2969  736455226     11.572    58.5870 1.7792e+00    8.67061   34.11712  -77.93514  0.000e+00
       1186      1.733    20.5365   0.988444  1002.7623     6.1430  736455226     11.418    58.5794 1.7784e+00    8.67803   34.11712  -77.93514  0.000e+00
       1187      1.731    20.5378   0.974545  1002.6916     6.0499  736455226     11.297    58.5794 1.7845e+00    8.68255   34.11712  -77.93514  0.000e+00
       1188      1.722    20.5378   0.975162  1002.6947     6.0540  736455226     11.410    58.6099 1.7693e+00    8.68235   34.11712  -77.93514  0.000e+00
       1189      1.717    20.5372   0.980280  1002.7207     6.0883  736455227     11.324    58.6404 1.7739e+00    8.68069   34.11718  -77.93514  0.000e+00
       1190      1.726    20.5371   0.963455  1002.6358     5.9759  736455227     11.408    58.6633 1.7807e+00    8.68643   34.11714  -77.93512  0.000e+00
       1191      1.744    20.5368   0.962713  1002.6322     5.9710  736455227     11.437    58.6862 1.7655e+00    8.68673   34.11714  -77.93512  0.000e+00
       1192      1.760    20.5367   0.975182  1002.6953     6.0543  736455227     11.378    58.7167 1.7731e+00    8.68250   34.11714  -77.93512  0.000e+00
       1193      1.775    20.5365   0.967403  1002.6562     6.0024  736455227     11.437    58.7549 1.7693e+00    8.68519   34.11714  -77.93512  0.000e+00
       1194      1.786    20.5361   0.983157  1002.7360     6.1077  736455227     11.416    58.7701 1.7777e+00    8.67989   34.11714  -77.93512  0.000e+00
       1195      1.784    20.5354   0.992885  1002.7854     6.1729  736455227     11.452    58.7778 1.7861e+00    8.67669   34.11714  -77.93512  0.000e+00
       1196      1.784    20.5348   1.003907  1002.8414     6.2468  736455227     11.625    58.7701 1.7975e+00    8.67302   34.11714  -77.93512  0.000e+00
       1197      1.779    20.5342   1.006770  1002.8561     6.2661  736455228     11.542    58.7549 1.7998e+00    8.67216   34.11720  -77.93514  0.000e+00
       1198      1.766    20.5336   1.009375  1002.8695     6.2836  736455228     11.685    58.7320 1.7884e+00    8.67137   34.11716  -77.93512  0.000e+00
       1199      1.749    20.5334   1.011060  1002.8780     6.2949  736455228     11.589    58.6938 1.8021e+00    8.67081   34.11716  -77.93512  0.000e+00
       1200      1.736    20.5340   1.011614  1002.8806     6.2986  736455228     11.450    58.6557 1.8097e+00    8.67053   34.11716  -77.93512  0.000e+00
       1201      1.727    20.5337   1.006430  1002.8543     6.2638  736455228     11.574    58.6099 1.8196e+00    8.67235   34.11716  -77.93512  0.000e+00
       1202      1.711    20.5330   1.013477  1002.8902     6.3112  736455228     11.557    58.5794 1.8074e+00    8.67005   34.11716  -77.93512  0.000e+00
       1203      1.673    20.5337   0.995108  1002.7967     6.1880  736455228     11.603    58.5641 1.8036e+00    8.67621   34.11716  -77.93512  0.000e+00
       1204      1.655    20.5345   0.986538  1002.7530     6.1305  736455228     11.532    58.5565 1.8044e+00    8.67900   34.11716  -77.93512  0.000e+00
       1205      1.648    20.5329   0.989011  1002.7660     6.1473  736455229     11.427    58.5641 1.7937e+00    8.67842   34.11722  -77.93514  0.000e+00
       1206      1.631    20.5311   0.963383  1002.6370     5.9763  736455229     11.225    58.5718 1.7716e+00    8.68743   34.11722  -77.93514  0.000e+00
       1207      1.619    20.5328   0.969679  1002.6682     6.0181  736455229     11.357    58.6099 1.7693e+00    8.68501   34.11718  -77.93512  0.000e+00
       1208      1.611    20.5342   0.981336  1002.7266     6.0958  736455229     11.410    58.6557 1.7525e+00    8.68082   34.11718  -77.93512  0.000e+00
       1209      1.611    20.5344   0.982229  1002.7310     6.1017  736455229     11.255    58.6938 1.7899e+00    8.68048   34.11718  -77.93512  0.000e+00
       1210      1.606    20.5334   0.994384  1002.7929     6.1832  736455229     11.482    58.7091 1.7876e+00    8.67650   34.11718  -77.93512  0.000e+00
       1211      1.583    20.5330   1.007208  1002.8578     6.2692  736455229     11.423    58.7167 1.7891e+00    8.67219   34.11718  -77.93512  0.000e+00
       1212      1.571    20.5330   0.984372  1002.7422     6.1163  736455229     11.278    58.7243 1.8112e+00    8.67998   34.11718  -77.93512  0.000e+00
       1213      1.577    20.5332   0.978300  1002.7114     6.0757  736455230     11.414    58.7243 1.8135e+00    8.68201   34.11722  -77.93514  0.000e+00
       1214      1.571    20.5324   0.988367  1002.7626     6.1431  736455230     11.347    58.7320 1.7967e+00    8.67871   34.11722  -77.93514  0.000e+00
       1215      1.565    20.5331   0.983423  1002.7373     6.1099  736455230     11.240    58.7396 1.7853e+00    8.68029   34.11720  -77.93512  0.000e+00
       1216      1.567    20.5331   0.985994  1002.7503     6.1271  736455230     11.440    58.7396 1.7922e+00    8.67941   34.11720  -77.93512  0.000e+00
       1217      1.576    20.5331   0.992475  1002.7831     6.1705  736455230     11.402    58.7320 1.7876e+00    8.67720   34.11720  -77.93512  0.000e+00
       1218      1.580    20.5324   0.994217  1002.7922     6.1822  736455230     11.448    58.7396 1.7967e+00    8.67672   34.11720  -77.93512  0.000e+00
       1219      1.574    20.5317   0.979241  1002.7166     6.0822  736455230     11.433    58.7243 1.7998e+00    8.68193   34.11720  -77.93512  0.000e+00
       1220      1.581    20.5317   0.977328  1002.7070     6.0694  736455230     11.616    58.7243 1.7754e+00    8.68259   34.11720  -77.93512  0.000e+00
       1221      1.591    20.5322   0.980473  1002.7228     6.0903  736455231     11.357    58.7320 1.7914e+00    8.68144   34.11724  -77.93512  0.000e+00
       1222      1.578    20.5313   0.979138  1002.7163     6.0815  736455231     11.389    58.7243 1.7693e+00    8.68203   34.11722  -77.93512  0.000e+00
       1223      1.579    20.5314   0.980369  1002.7225     6.0897  736455231     11.347    58.7167 1.7609e+00    8.68160   34.11722  -77.93512  0.000e+00
       1224      1.586    20.5325   0.989991  1002.7708     6.1539  736455231     11.452    58.7167 1.7769e+00    8.67815   34.11722  -77.93512  0.000e+00
       1225      1.609    20.5331   0.998596  1002.8143     6.2115  736455231     11.572    58.7243 1.7823e+00    8.67511   34.11722  -77.93512  0.000e+00
       1226      1.618    20.5331   1.004159  1002.8425     6.2487  736455231     11.629    58.7091 1.7868e+00    8.67322   34.11722  -77.93512  0.000e+00
       1227      1.647    20.5327   1.010709  1002.8760     6.2927  736455231     11.643    58.6786 1.7906e+00    8.67105   34.11722  -77.93512  0.000e+00
       1228      1.666    20.5311   1.016700  1002.9070     6.3331  736455231     11.677    58.6557 1.7800e+00    8.66926   34.11722  -77.93512  0.000e+00
       1229      1.686    20.5309   1.012227  1002.8845     6.3031  736455232     11.561    58.6252 1.7655e+00    8.67082   34.11726  -77.93512  0.000e+00
       1230      1.688    20.5303   0.972813  1002.6851     6.0394  736455232     11.481    58.6023 1.7739e+00    8.68435   34.11724  -77.93512  0.000e+00
       1231      1.689    20.5306   0.968148  1002.6615     6.0082  736455232     11.416    58.5946 1.7830e+00    8.68589   34.11724  -77.93512  0.000e+00
       1232      1.690    20.5308   0.974257  1002.6923     6.0490  736455232     11.254    58.5946 1.7845e+00    8.68378   34.11724  -77.93512  0.000e+00
       1233      1.689    20.5311   0.977281  1002.7075     6.0691  736455232     11.496    58.6328 1.7815e+00    8.68270   34.11724  -77.93512  0.000e+00
       1234      1.691    20.5312   0.983556  1002.7391     6.1111  736455232     11.627    58.6633 1.7800e+00    8.68054   34.11724  -77.93512  0.000e+00
       1235      1.688    20.5317   0.993324  1002.7884     6.1763  736455232     11.467    58.6709 1.7830e+00    8.67713   34.11724  -77.93512  0.000e+00
       1236      1.696    20.5320   0.988218  1002.7625     6.1421  736455232     11.320    58.6786 1.7769e+00    8.67883   34.11724  -77.93512  0.000e+00
       1237      1.696    20.5323   0.985727  1002.7498     6.1254  736455233     11.433    58.6862 1.7731e+00    8.67963   34.11728  -77.93512  0.000e+00
       1238      1.705    20.5326   0.991496  1002.7789     6.1640  736455233     11.568    58.6938 1.7754e+00    8.67762   34.11726  -77.93510  0.000e+00
