data/acrobat/050323/wing angle4.cnv
* Sea-Bird SBE 25plus Data File:
* FileName = C:\Users\wellsd\Desktop\CTD Data\050323\wing angle4.hex
* Software Version Seasave V 7.26.7.121
* Temperature SN = 5827
* Conductivity SN = 4363
* System UpLoad Time = May 03 2023 14:51:19
* NMEA Latitude = 34 06.88 N
* NMEA Longitude = 077 56.15 W
* NMEA UTC (Time) = May 03 2023 18:51:18
** Ship:
** Station:
** Operator:
# nquan = 14
# nvalues = 17981                                 
# units = specified
# name 0 = scan: Scan Count
# name 1 = depSM: Depth [salt water, m]
# name 2 = t090C: Temperature [ITS-90, deg C]
# name 3 = c0S/m: Conductivity [S/m]
# name 4 = density00: Density [density, kg/m^3]
# name 5 = sal00: Salinity, Practical [PSU]
# name 6 = timeQ: Time, NMEA [seconds]
# name 7 = seaTurbMtr: Turbidity, Seapoint [FTU]
# name 8 = flSPuv0: Fluorescence, Seapoint Ultraviolet
# name 9 = flSP: Fluorescence, Seapoint
# name 10 = oxsolMg/L: Oxygen Saturation, Garcia & Gordon [mg/l]
# name 11 = latitude: Latitude [deg]
# name 12 = longitude: Longitude [deg]
# name 13 = flag:  0.000e+00
# span 0 =          1,      17981                 
# span 1 =     -0.055,      7.698                 
# span 2 =    20.3102,    20.7280                 
# span 3 =   0.458271,   1.663057                 
# span 4 =  1000.1659,  1006.3117                 
# span 5 =     2.7025,    10.7929                 
# span 6 =  736455078,  736457327                 
# span 7 =      0.000,     33.654                 
# span 8 =    54.1085,    61.5473                 
# span 9 = 0.0000e+00, 3.1914e+00                 
# span 10 =    8.45230,    8.86602                
# span 11 =   34.11462,   34.15962                
# span 12 =  -77.95958,  -77.93468                
# span 13 = 0.0000e+00, 0.0000e+00                
# interval = seconds: 0.125
# start_time = May 03 2023 18:51:18 [NMEA time, first data scan]
# bad_flag = -9.990e-29
*END*
[from data line 13523]
      13524      2.044    20.4140   0.655799  1001.1432     3.9666  736456769     12.331    61.0056 1.5160e+00    8.81061   34.14694  -77.95236  0.000e+00
      13525      2.009    20.4148   0.655332  1001.1405     3.9635  736456770     12.444    61.0132 1.5175e+00    8.81064   34.14700  -77.95240  0.000e+00
      13526      1.987    20.4152   0.654492  1001.1362     3.9580  736456770     12.398    61.0132 1.5068e+00    8.81085   34.14700  -77.95240  0.000e+00
      13527      1.983    20.4155   0.654183  1001.1346     3.9560  736456770     12.318    60.9979 1.5122e+00    8.81090   34.14696  -77.95236  0.000e+00
      13528      1.968    20.4154   0.655583  1001.1414     3.9650  736456770     12.354    60.9903 1.5076e+00    8.81045   34.14696  -77.95236  0.000e+00
      13529      1.938    20.4156   0.656531  1001.1459     3.9712  736456770     12.324    60.9827 1.5091e+00    8.81010   34.14696  -77.95236  0.000e+00
      13530      1.917    20.4167   0.659122  1001.1581     3.9878  736456770     12.230    60.9827 1.5114e+00    8.80903   34.14696  -77.95236  0.000e+00
      13531      1.886    20.4183   0.658998  1001.1569     3.9869  736456770     12.186    60.9979 1.5084e+00    8.80881   34.14696  -77.95236  0.000e+00
      13532      1.862    20.4171   0.657844  1001.1515     3.9795  736456770     12.322    60.9979 1.5106e+00    8.80940   34.14696  -77.95236  0.000e+00
      13533      1.815    20.4166   0.657147  1001.1480     3.9751  736456771     12.251    60.9903 1.5244e+00    8.80971   34.14702  -77.95240  0.000e+00
      13534      1.793    20.4169   0.657068  1001.1474     3.9745  736456771     12.116    60.9903 1.5190e+00    8.80969   34.14700  -77.95238  0.000e+00
      13535      1.746    20.4164   0.657161  1001.1478     3.9752  736456771     12.228    60.9903 1.5290e+00    8.80974   34.14700  -77.95238  0.000e+00
      13536      1.717    20.4229   0.643251  1001.0777     3.8847  736456771     12.261    60.9903 1.5396e+00    8.81331   34.14700  -77.95238  0.000e+00
      13537      1.686    20.4221   0.640708  1001.0653     3.8683  736456771     12.312    60.9903 1.5412e+00    8.81429   34.14700  -77.95238  0.000e+00
      13538      1.643    20.4290   0.634171  1001.0312     3.8255  736456771     12.156    61.0132 1.5312e+00    8.81531   34.14700  -77.95238  0.000e+00
      13539      1.607    20.4259   0.626441  1000.9942     3.7760  736456771     12.078    61.0208 1.5213e+00    8.81842   34.14700  -77.95238  0.000e+00
      13540      1.582    20.4194   0.647077  1001.0968     3.9097  736456771     12.068    61.0361 1.5122e+00    8.81262   34.14700  -77.95238  0.000e+00
      13541      1.574    20.4235   0.640413  1001.0630     3.8663  736456772     12.066    61.0590 1.4992e+00    8.81416   34.14704  -77.95242  0.000e+00
      13542      1.562    20.4236   0.630153  1001.0128     3.8001  736456772     12.114    61.0666 1.5030e+00    8.81757   34.14702  -77.95238  0.000e+00
      13543      1.533    20.4194   0.642712  1001.0752     3.8815  736456772     12.224    61.0819 1.5091e+00    8.81407   34.14702  -77.95238  0.000e+00
      13544      1.532    20.4201   0.642932  1001.0761     3.8829  736456772     12.182    61.0742 1.5061e+00    8.81388   34.14702  -77.95238  0.000e+00
      13545      1.507    20.4185   0.636989  1001.0474     3.8446  736456772     12.316    61.0742 1.5114e+00    8.81614   34.14702  -77.95238  0.000e+00
      13546      1.487    20.4182   0.640795  1001.0660     3.8692  736456772     12.268    61.0819 1.5183e+00    8.81491   34.14702  -77.95238  0.000e+00
      13547      1.453    20.4192   0.635908  1001.0416     3.8376  736456772     12.264    61.0819 1.5221e+00    8.81638   34.14702  -77.95238  0.000e+00
      13548      1.441    20.4177   0.640439  1001.0642     3.8670  736456772     12.396    61.0819 1.5129e+00    8.81512   34.14702  -77.95238  0.000e+00
      13549      1.425    20.4167   0.641017  1001.0672     3.8708  736456773     12.419    61.0742 1.5061e+00    8.81510   34.14706  -77.95244  0.000e+00
      13550      1.409    20.4170   0.641416  1001.0690     3.8734  736456773     12.238    61.0590 1.5091e+00    8.81491   34.14704  -77.95240  0.000e+00
      13551      1.403    20.4170   0.645414  1001.0886     3.8992  736456773     12.329    61.0437 1.5236e+00    8.81358   34.14704  -77.95240  0.000e+00
      13552      1.369    20.4173   0.647247  1001.0973     3.9110  736456773     12.327    61.0361 1.5244e+00    8.81291   34.14704  -77.95240  0.000e+00
      13553      1.356    20.4174   0.647737  1001.0996     3.9142  736456773     12.135    61.0361 1.5175e+00    8.81274   34.14704  -77.95240  0.000e+00
      13554      1.328    20.4206   0.643835  1001.0795     3.8887  736456773     12.097    61.0208 1.5099e+00    8.81349   34.14704  -77.95240  0.000e+00
      13555      1.314    20.4220   0.623565  1000.9799     3.7578  736456773     12.137    61.0208 1.5152e+00    8.82003   34.14704  -77.95240  0.000e+00
      13556      1.307    20.4166   0.641401  1001.0686     3.8733  736456774     12.205    61.0361 1.5084e+00    8.81499   34.14710  -77.95244  0.000e+00
      13557      1.279    20.4163   0.641283  1001.0680     3.8726  736456774     12.201    61.0666 1.5137e+00    8.81508   34.14710  -77.95244  0.000e+00
      13558      1.260    20.4247   0.633001  1001.0250     3.8184  736456774     12.242    61.0666 1.5229e+00    8.81642   34.14706  -77.95242  0.000e+00
      13559      1.235    20.4285   0.609957  1000.9114     3.6697  736456774     12.188    61.0666 1.5084e+00    8.82348   34.14706  -77.95242  0.000e+00
      13560      1.204    20.4220   0.623018  1000.9768     3.7543  736456774     12.156    61.0742 1.5015e+00    8.82022   34.14706  -77.95242  0.000e+00
      13561      1.189    20.4303   0.632465  1001.0205     3.8144  736456774     12.581    61.0895 1.4977e+00    8.81567   34.14706  -77.95242  0.000e+00
      13562      1.180    20.4447   0.595157  1000.8345     3.5733  736456774     12.568    61.0819 1.4984e+00    8.82567   34.14706  -77.95242  0.000e+00
      13563      1.164    20.4509   0.589440  1000.8050     3.5361  736456774     12.398    61.0819 1.5137e+00    8.82652   34.14706  -77.95242  0.000e+00
      13564      1.142    20.4494   0.582751  1000.7728     3.4934  736456775     12.028    61.1048 1.5114e+00    8.82899   34.14712  -77.95246  0.000e+00
      13565      1.148    20.4326   0.616058  1000.9396     3.7085  736456775     12.087    61.1124 1.5404e+00    8.82076   34.14708  -77.95242  0.000e+00
      13566      1.132    20.4277   0.625594  1000.9874     3.7704  736456775     12.514    61.1200 1.5305e+00    8.81840   34.14708  -77.95242  0.000e+00
      13567      1.107    20.4338   0.617008  1000.9437     3.7146  736456775     12.276    61.1124 1.5244e+00    8.82023   34.14708  -77.95242  0.000e+00
      13568      1.094    20.4358   0.601667  1000.8683     3.6158  736456775     12.213    61.1200 1.5221e+00    8.82501   34.14708  -77.95242  0.000e+00
      13569      1.080    20.4345   0.622595  1000.9706     3.7505  736456775     12.243    61.1353 1.5068e+00    8.81826   34.14708  -77.95242  0.000e+00
      13570      1.069    20.4277   0.610878  1000.9153     3.6756  736456775     12.087    61.1505 1.5106e+00    8.82330   34.14708  -77.95242  0.000e+00
      13571      1.070    20.4204   0.633666  1001.0286     3.8230  736456775     12.228    61.1582 1.5190e+00    8.81693   34.14708  -77.95242  0.000e+00
      13572      1.044    20.4217   0.638649  1001.0525     3.8551  736456776     12.064    61.1505 1.5145e+00    8.81505   34.14714  -77.95246  0.000e+00
      13573      1.051    20.4456   0.597735  1000.8462     3.5897  736456776     12.049    61.1429 1.5122e+00    8.82467   34.14710  -77.95244  0.000e+00
      13574      1.058    20.4529   0.578924  1000.7529     3.4686  736456776     12.228    61.1429 1.5183e+00    8.82968   34.14710  -77.95244  0.000e+00
      13575      1.048    20.4475   0.588733  1000.8020     3.5319  736456776     12.266    61.1505 1.5206e+00    8.82733   34.14710  -77.95244  0.000e+00
      13576      1.066    20.4315   0.612400  1000.9216     3.6851  736456776     12.154    61.1582 1.5167e+00    8.82215   34.14710  -77.95244  0.000e+00
      13577      1.084    20.4231   0.631890  1001.0192     3.8113  736456776     12.160    61.1582 1.5335e+00    8.81706   34.14710  -77.95244  0.000e+00
      13578      1.113    20.4192   0.631283  1001.0175     3.8078  736456776     12.234    61.1429 1.5343e+00    8.81792   34.14710  -77.95244  0.000e+00
      13579      1.123    20.4186   0.633181  1001.0270     3.8201  736456776     12.247    61.1429 1.5267e+00    8.81740   34.14710  -77.95244  0.000e+00
      13580      1.143    20.4278   0.626172  1000.9902     3.7741  736456777     12.169    61.1353 1.5190e+00    8.81819   34.14716  -77.95248  0.000e+00
      13581      1.153    20.4423   0.597099  1000.8445     3.5859  736456777     11.999    61.1353 1.5229e+00    8.82542   34.14714  -77.95246  0.000e+00
      13582      1.140    20.4406   0.593965  1000.8297     3.5660  736456777     11.893    61.1429 1.5167e+00    8.82675   34.14714  -77.95246  0.000e+00
      13583      1.140    20.4409   0.609640  1000.9059     3.6666  736456777     11.990    61.1582 1.5290e+00    8.82150   34.14714  -77.95246  0.000e+00
      13584      1.157    20.4489   0.585301  1000.7854     3.5098  736456777     12.304    61.1658 1.5175e+00    8.82823   34.14714  -77.95246  0.000e+00
      13585      1.161    20.4375   0.603955  1000.8793     3.6303  736456777     12.118    61.1734 1.5267e+00    8.82395   34.14714  -77.95246  0.000e+00
      13586      1.189    20.4308   0.620284  1000.9608     3.7359  736456777     12.074    61.1734 1.5122e+00    8.81965   34.14714  -77.95246  0.000e+00
      13587      1.236    20.4247   0.628784  1001.0043     3.7912  736456777     11.961    61.1810 1.5099e+00    8.81784   34.14714  -77.95246  0.000e+00
      13588      1.265    20.4244   0.622048  1000.9716     3.7478  736456777     12.310    61.1734 1.5106e+00    8.82013   34.14714  -77.95246  0.000e+00
      13589      1.307    20.4193   0.629172  1001.0080     3.7941  736456778     12.301    61.1734 1.5099e+00    8.81861   34.14718  -77.95248  0.000e+00
      13590      1.336    20.4144   0.640748  1001.0662     3.8693  736456778     12.232    61.1658 1.5106e+00    8.81557   34.14718  -77.95248  0.000e+00
      13591      1.360    20.4129   0.646034  1001.0926     3.9036  736456778     12.110    61.1582 1.5045e+00    8.81406   34.14716  -77.95246  0.000e+00
      13592      1.382    20.4140   0.638506  1001.0555     3.8548  736456778     12.104    61.1658 1.5068e+00    8.81638   34.14716  -77.95246  0.000e+00
      13593      1.379    20.4172   0.633506  1001.0301     3.8223  736456778     12.074    61.1734 1.5320e+00    8.81752   34.14716  -77.95246  0.000e+00
      13594      1.398    20.4214   0.631250  1001.0180     3.8074  736456778     12.129    61.1658 1.5259e+00    8.81756   34.14716  -77.95246  0.000e+00
      13595      1.401    20.4245   0.617433  1000.9497     3.7181  736456778     12.127    61.1582 1.5114e+00    8.82166   34.14716  -77.95246  0.000e+00
      13596      1.416    20.4184   0.633044  1001.0277     3.8192  736456778     12.657    61.1276 1.5183e+00    8.81748   34.14716  -77.95246  0.000e+00
      13597      1.444    20.4178   0.633081  1001.0282     3.8195  736456779     12.387    61.1429 1.5068e+00    8.81756   34.14722  -77.95250  0.000e+00
      13598      1.469    20.4188   0.630880  1001.0173     3.8052  736456779     12.222    61.1505 1.5015e+00    8.81812   34.14722  -77.95250  0.000e+00
      13599      1.521    20.4170   0.624710  1000.9879     3.7656  736456779     12.114    61.1505 1.4977e+00    8.82049   34.14718  -77.95248  0.000e+00
      13600      1.551    20.4112   0.640969  1001.0691     3.8710  736456779     12.169    61.1505 1.5061e+00    8.81603   34.14718  -77.95248  0.000e+00
      13601      1.580    20.4098   0.638486  1001.0575     3.8551  736456779     12.182    61.1582 1.5129e+00    8.81710   34.14718  -77.95248  0.000e+00
      13602      1.570    20.4091   0.641316  1001.0715     3.8734  736456779     12.161    61.1658 1.5099e+00    8.81627   34.14718  -77.95248  0.000e+00
      13603      1.581    20.4106   0.640864  1001.0689     3.8704  736456779     12.266    61.1582 1.5023e+00    8.81617   34.14718  -77.95248  0.000e+00
      13604      1.581    20.4112   0.636817  1001.0490     3.8442  736456779     12.284    61.1505 1.4961e+00    8.81742   34.14718  -77.95248  0.000e+00
      13605      1.578    20.4118   0.645860  1001.0930     3.9025  736456780     12.268    61.1429 1.4961e+00    8.81431   34.14724  -77.95250  0.000e+00
      13606      1.582    20.4108   0.647846  1001.1031     3.9155  736456780     12.209    61.1353 1.4984e+00    8.81381   34.14720  -77.95248  0.000e+00
      13607      1.574    20.4102   0.643296  1001.0809     3.8861  736456780     12.173    61.1276 1.4954e+00    8.81543   34.14720  -77.95248  0.000e+00
      13608      1.595    20.4117   0.643461  1001.0814     3.8870  736456780     12.238    61.1353 1.5129e+00    8.81512   34.14720  -77.95248  0.000e+00
      13609      1.606    20.4165   0.637743  1001.0521     3.8497  736456780     12.325    61.1276 1.5122e+00    8.81623   34.14720  -77.95248  0.000e+00
      13610      1.609    20.4194   0.632409  1001.0252     3.8150  736456780     12.419    61.1124 1.5038e+00    8.81752   34.14720  -77.95248  0.000e+00
      13611      1.628    20.4205   0.631801  1001.0220     3.8110  736456780     12.392    61.1124 1.5068e+00    8.81754   34.14720  -77.95248  0.000e+00
      13612      1.628    20.4209   0.632504  1001.0253     3.8155  736456780     12.278    61.1048 1.5068e+00    8.81724   34.14720  -77.95248  0.000e+00
      13613      1.650    20.4211   0.635286  1001.0390     3.8334  736456781     12.379    61.0819 1.5038e+00    8.81628   34.14726  -77.95252  0.000e+00
      13614      1.655    20.4205   0.636576  1001.0455     3.8418  736456781     12.314    61.0666 1.5099e+00    8.81593   34.14724  -77.95248  0.000e+00
      13615      1.662    20.4210   0.634089  1001.0332     3.8257  736456781     12.184    61.0666 1.5312e+00    8.81669   34.14724  -77.95248  0.000e+00
      13616      1.669    20.4211   0.632824  1001.0270     3.8175  736456781     12.160    61.0666 1.5114e+00    8.81709   34.14724  -77.95248  0.000e+00
      13617      1.689    20.4208   0.635213  1001.0389     3.8330  736456781     12.289    61.0742 1.5061e+00    8.81634   34.14724  -77.95248  0.000e+00
      13618      1.702    20.4207   0.635129  1001.0385     3.8324  736456781     12.440    61.0666 1.5099e+00    8.81638   34.14724  -77.95248  0.000e+00
      13619      1.734    20.4205   0.633928  1001.0329     3.8247  736456781     12.428    61.0590 1.5145e+00    8.81683   34.14724  -77.95248  0.000e+00
      13620      1.749    20.4204   0.633573  1001.0312     3.8224  736456781     12.428    61.0437 1.5084e+00    8.81695   34.14724  -77.95248  0.000e+00
      13621      1.787    20.4204   0.634437  1001.0356     3.8280  736456782     12.457    61.0437 1.5038e+00    8.81667   34.14728  -77.95252  0.000e+00
      13622      1.815    20.4204   0.634697  1001.0370     3.8297  736456782     12.371    61.0208 1.5076e+00    8.81659   34.14726  -77.95250  0.000e+00
      13623      1.822    20.4204   0.635891  1001.0429     3.8374  736456782     12.501    61.0056 1.5061e+00    8.81618   34.14726  -77.95250  0.000e+00
      13624      1.852    20.4278   0.629559  1001.0100     3.7959  736456782     12.434    61.0208 1.5084e+00    8.81706   34.14726  -77.95250  0.000e+00
      13625      1.882    20.4345   0.608266  1000.9044     3.6582  736456782     13.882    61.0056 1.5068e+00    8.82302   34.14726  -77.95250  0.000e+00
