data/sbe21-RVCF/050323.cnv
* Sea-Bird SBE 21 Data File:
* FileName = C:\Users\wellsd\Desktop\SBE21 Files\050323\050323.hex
* Software Version Seasave V 7.26.7.121
* Temperature SN = 3229
* Conductivity SN = 3229
* System UpLoad Time = May 03 2023 10:24:37
* NMEA Latitude = 34 08.39 N
* NMEA Longitude = 077 51.74 W
* NMEA UTC (Time) = May 03 2023  14:24:16
** Ship:
** Station:
** Operator:
# nquan = 14
# nvalues = 8352                                  
# units = specified
# name 0 = scan: Scan Count
# name 1 = dNMEA: Depth, NMEA [salt water, m]
# name 2 = t090C: Temperature [ITS-90, deg C]
# name 3 = c0S/m: Conductivity [S/m]
# name 4 = density00: Density [density, kg/m^3]
# name 5 = sal00: Salinity, Practical [PSU]
# name 6 = timeQ: Time, NMEA [seconds]
# name 7 = seaTurbMtr: Turbidity, Seapoint [FTU]
# name 8 = flSPuv0: Fluorescence, Seapoint Ultraviolet
# name 9 = flSP: Fluorescence, Seapoint
# name 10 = oxsolMg/L: Oxygen Saturation, Garcia & Gordon [mg/l]
# name 11 = latitude: Latitude [deg]
# name 12 = longitude: Longitude [deg]
# name 13 = flag:  0.000e+00
# span 0 =          1,       8352                 
# span 1 =      1.100,     14.300                 
# span 2 =    19.0018,    20.9266                 
# span 3 =   0.346860,   4.816212                 
# span 4 =   999.8771,  1027.9000                 
# span 5 =     2.0066,    35.0130                 
# span 6 =  736439083,  736464135                 
# span 7 =      8.822,     29.243                 
# span 8 =     4.7619,    76.5568                 
# span 9 = 1.5018e+00, 5.6777e+00                 
# span 10 =    7.35317,    8.88743                
# span 11 =   34.03084,   34.16164                
# span 12 =  -77.96066,  -77.86124                
# span 13 = 0.0000e+00, 0.0000e+00                
# interval = seconds: 3
# start_time = May 03 2023 14:24:43 [NMEA time, first data scan]
# bad_flag = -9.990e-29
*END*
[from data line 1136]
       1137      2.900    19.5693   3.776457  1021.2125    27.1099  736442491     12.057    25.8852 1.8559e+00    7.81148   34.08412  -77.88218  0.000e+00
       1138      2.700    19.5727   3.780153  1021.2355    27.1371  736442494     12.179    25.6410 1.8681e+00    7.80971   34.08400  -77.88222  0.000e+00
       1139      2.700    19.5816   3.787134  1021.2777    27.1870  736442497     12.118    25.5189 1.8803e+00    7.80610   34.08386  -77.88228  0.000e+00
       1140      2.500    19.5863   3.792677  1021.3125    27.2281  736442500     12.057    25.6410 1.8315e+00    7.80351   34.08372  -77.88234  0.000e+00
       1141      2.400    19.5877   3.795141  1021.3284    27.2469  736442503     11.935    25.8852 1.8437e+00    7.80244   34.08360  -77.88238  0.000e+00
       1142      2.000    19.5850   3.793294  1021.3174    27.2339  736442506     11.813    26.1294 1.8315e+00    7.80344   34.08346  -77.88244  0.000e+00
       1143      2.000    19.5816   3.786414  1021.2729    27.1813  736442509     11.722    26.3736 1.8315e+00    7.80637   34.08334  -77.88250  0.000e+00
       1144      1.800    19.5741   3.780153  1021.2348    27.1362  736442512     11.416    26.6178 1.8071e+00    7.80956   34.08322  -77.88256  0.000e+00
       1145      1.800    19.5645   3.773684  1021.1964    27.0908  736442515     11.600    26.6178 1.7949e+00    7.81306   34.08310  -77.88262  0.000e+00
       1146      1.700    19.5400   3.767524  1021.1682    27.0576  736442518     11.722    26.4957 1.7582e+00    7.81821   34.08298  -77.88266  0.000e+00
       1147      1.600    19.5249   3.762801  1021.1446    27.0296  736442521     11.538    26.6178 1.7827e+00    7.82172   34.08284  -77.88272  0.000e+00
       1148      1.500    19.5058   3.760439  1021.1390    27.0231  736442524     11.538    26.6178 1.7705e+00    7.82483   34.08272  -77.88276  0.000e+00
       1149      1.300    19.4854   3.758385  1021.1363    27.0199  736442527     11.477    26.6178 1.7460e+00    7.82799   34.08260  -77.88282  0.000e+00
       1150      1.200    19.4731   3.754177  1021.1146    26.9943  736442530     11.538    26.7399 1.6972e+00    7.83100   34.08248  -77.88286  0.000e+00
       1151      1.700    19.4608   3.751817  1021.1054    26.9833  736442533     11.447    26.6178 1.6728e+00    7.83331   34.08236  -77.88292  0.000e+00
       1152      1.600    19.4581   3.750380  1021.0972    26.9736  736442536     11.325    26.6178 1.6972e+00    7.83417   34.08224  -77.88296  0.000e+00
       1153      1.600    19.4649   3.751202  1021.0990    26.9758  736442539     11.264    26.6178 1.6728e+00    7.83306   34.08212  -77.88300  0.000e+00
       1154      1.300    19.4676   3.751096  1021.0968    26.9732  736442542     11.233    26.6178 1.6361e+00    7.83278   34.08198  -77.88306  0.000e+00
       1155      1.700    19.4622   3.748017  1021.0790    26.9521  736442545     11.325    26.7399 1.5873e+00    7.83456   34.08186  -77.88310  0.000e+00
       1156      1.300    19.4567   3.741552  1021.0383    26.9040  736442548     11.203    26.8620 1.5995e+00    7.83761   34.08174  -77.88314  0.000e+00
       1157      1.700    19.4403   3.737959  1021.0229    26.8859  736442551     11.233    26.8620 1.5507e+00    7.84087   34.08162  -77.88320  0.000e+00
       1158      1.500    19.4328   3.734673  1021.0048    26.8645  736442554     10.836    27.3504 1.5018e+00    7.84298   34.08152  -77.88324  0.000e+00
       1159      1.300    19.4328   3.727588  1020.9570    26.8079  736442557     10.806    28.4493 1.5263e+00    7.84561   34.08140  -77.88330  0.000e+00
       1160      1.700    19.4492   3.696176  1020.7362    26.5470  736442560     10.562    30.2808 1.6484e+00    7.85534   34.08128  -77.88334  0.000e+00
       1161      1.500    19.5079   3.657888  1020.4473    26.2055  736442563     10.531    31.9902 1.7216e+00    7.86257   34.08116  -77.88340  0.000e+00
       1162      1.600    19.5468   3.616218  1020.1471    25.8508  736442566     10.562    33.2112 1.8437e+00    7.87336   34.08104  -77.88346  0.000e+00
       1163      1.600    19.5891   3.580196  1019.8841    25.5400  736442569     10.684    33.6996 1.9658e+00    7.88160   34.08092  -77.88352  0.000e+00
       1164      1.500    19.6081   3.557209  1019.7207    25.3469  736442572     10.897    33.6996 2.0269e+00    7.88779   34.08082  -77.88358  0.000e+00
       1165      1.800    19.6354   3.530016  1019.5254    25.1161  736442575     10.928    33.4554 2.0513e+00    7.89453   34.08070  -77.88364  0.000e+00
       1166      2.700    19.6544   3.514932  1019.4153    24.9860  736442578     10.958    34.7985 2.0513e+00    7.89778   34.08058  -77.88368  0.000e+00
       1167      2.000    19.6653   3.467836  1019.0966    24.6094  736442581     11.020    38.3394 2.1368e+00    7.91379   34.08048  -77.88372  0.000e+00
       1168      1.700    19.6837   3.364225  1018.4007    23.7871  736442584     11.142    40.6593 2.2466e+00    7.94967   34.08036  -77.88376  0.000e+00
       1169      2.000    19.6858   3.277662  1017.8282    23.1107  736442587     11.081    42.3687 2.3687e+00    7.98127   34.08024  -77.88380  0.000e+00
       1170      2.200    19.6932   3.232543  1017.5277    22.7557  736442590     11.203    44.9328 2.4908e+00    7.99694   34.08014  -77.88384  0.000e+00
       1171      2.400    19.6939   3.187732  1017.2329    22.4074  736442593     11.172    47.3748 2.6862e+00    8.01333   34.08004  -77.88386  0.000e+00
       1172      2.700    19.7008   3.081010  1016.5309    21.5781  736442596     11.294    49.2063 2.7961e+00    8.05173   34.07992  -77.88390  0.000e+00
       1173      3.200    19.7103   2.969700  1015.8012    20.7164  736442599     11.264    50.6716 2.8449e+00    8.09145   34.07982  -77.88392  0.000e+00
       1174      3.700    19.7143   2.884649  1015.2475    20.0625  736442602     11.233    51.6484 2.8327e+00    8.12219   34.07972  -77.88396  0.000e+00
       1175      4.100    19.7184   2.775434  1014.5400    19.2271  736442605     11.355    52.5031 2.8205e+00    8.16179   34.07960  -77.88396  0.000e+00
       1176      4.500    19.7212   2.714079  1014.1440    18.7595  736442608     11.294    52.9915 2.8694e+00    8.18398   34.07948  -77.88398  0.000e+00
       1177      4.600    19.7177   2.656110  1013.7730    18.3216  736442611     11.447    53.4799 2.9182e+00    8.20574   34.07936  -77.88398  0.000e+00
       1178      5.000    19.7130   2.633580  1013.6303    18.1532  736442614     11.477    53.8462 3.0037e+00    8.21467   34.07926  -77.88398  0.000e+00
       1179      8.800    19.7089   2.583811  1013.3132    17.7790  736442617     11.538    54.4567 3.0891e+00    8.23352   34.07914  -77.88400  0.000e+00
       1180      8.600    19.7048   2.536303  1013.0111    17.4226  736442620     11.691    54.5788 3.1380e+00    8.25155   34.07904  -77.88402  0.000e+00
       1181      8.100    19.6953   2.491562  1012.7292    17.0899  736442623     11.691    54.7009 3.1380e+00    8.26931   34.07892  -77.88404  0.000e+00
       1182      8.500    19.6871   2.470063  1012.5951    16.9317  736442626     11.569    55.0672 3.1136e+00    8.27835   34.07882  -77.88406  0.000e+00
       1183      6.400    19.6817   2.449895  1012.4686    16.7825  736442629     11.355    55.5556 3.0281e+00    8.28653   34.07872  -77.88408  0.000e+00
       1184      4.500    19.6694   2.425535  1012.3179    16.6046  736442632     11.264    55.9219 3.0037e+00    8.29720   34.07862  -77.88410  0.000e+00
       1185      3.900    19.6620   2.387559  1012.0792    16.3231  736442635     11.355    56.1661 2.9548e+00    8.31223   34.07850  -77.88410  0.000e+00
       1186      3.500    19.6463   2.356239  1011.8857    16.0949  736442638     11.233    56.4103 2.9548e+00    8.32597   34.07840  -77.88412  0.000e+00
       1187      4.000    19.6361   2.335258  1011.7561    15.9421  736442641     11.264    56.5324 2.9792e+00    8.33514   34.07830  -77.88414  0.000e+00
       1188      4.000    19.6231   2.327788  1011.7130    15.8912  736442644     11.142    56.7766 2.9060e+00    8.33974   34.07820  -77.88416  0.000e+00
       1189      4.100    19.6163   2.312539  1011.6186    15.7799  736442647     10.745    57.0208 2.8938e+00    8.34633   34.07812  -77.88418  0.000e+00
       1190      4.000    19.6136   2.296166  1011.5159    15.6587  736442650     10.531    57.2650 2.8938e+00    8.35275   34.07802  -77.88422  0.000e+00
       1191      4.500    19.6116   2.273857  1011.3755    15.4932  736442653     10.409    57.3871 2.9060e+00    8.36126   34.07792  -77.88424  0.000e+00
       1192      4.100    19.6095   2.263113  1011.3083    15.4140  736442656     10.287    57.5092 2.9182e+00    8.36552   34.07782  -77.88426  0.000e+00
       1193      4.400    19.6075   2.239169  1011.1578    15.2365  736442659     10.317    57.6313 2.9548e+00    8.37464   34.07772  -77.88428  0.000e+00
       1194      4.500    19.6040   2.228834  1011.0937    15.1609  736442662     10.562    57.5092 2.9670e+00    8.37894   34.07762  -77.88428  0.000e+00
       1195      4.500    19.6000   2.223512  1011.0614    15.1228  736442665     10.897    57.3871 2.9670e+00    8.38149   34.07752  -77.88430  0.000e+00
       1196      4.800    19.5979   2.224844  1011.0704    15.1335  736442668     11.081    57.2650 2.9792e+00    8.38129   34.07742  -77.88432  0.000e+00
       1197      5.100    19.5938   2.229960  1011.1039    15.1730  736442671     11.111    57.2650 2.9915e+00    8.38000   34.07732  -77.88434  0.000e+00
       1198      5.300    19.5897   2.231394  1011.1142    15.1851  736442674     11.111    57.2650 2.9792e+00    8.38006   34.07722  -77.88436  0.000e+00
       1199      5.500    19.5870   2.232926  1011.1247    15.1975  736442677     10.897    57.3871 2.9792e+00    8.37988   34.07712  -77.88438  0.000e+00
       1200      5.400    19.5877   2.232620  1011.1226    15.1950  736442680     10.684    57.6313 2.9426e+00    8.37990   34.07702  -77.88440  0.000e+00
       1201      5.600    19.5883   2.219831  1011.0417    15.0996  736442683     10.562    57.7534 2.9426e+00    8.38452   34.07692  -77.88442  0.000e+00
       1202      5.500    19.5918   2.209599  1010.9762    15.0224  736442686     10.379    57.9976 2.9670e+00    8.38780   34.07682  -77.88444  0.000e+00
       1203      5.600    19.5931   2.200696  1010.9197    14.9558  736442689     10.409    57.9976 2.9915e+00    8.39088   34.07672  -77.88446  0.000e+00
       1204      5.500    19.5959   2.192410  1010.8667    14.8933  736442692     10.226    58.1197 2.9915e+00    8.39354   34.07662  -77.88448  0.000e+00
       1205      5.000    19.5965   2.185147  1010.8208    14.8392  736442695     10.073    58.3639 3.0281e+00    8.39612   34.07652  -77.88452  0.000e+00
       1206      4.900    19.5972   2.175119  1010.7575    14.7646  736442698     10.012    58.2418 3.0647e+00    8.39972   34.07642  -77.88454  0.000e+00
       1207      4.600    19.6013   2.164377  1010.6887    14.6836  736442701      9.951    58.2418 3.0769e+00    8.40309   34.07632  -77.88458  0.000e+00
       1208      4.800    19.6020   2.155273  1010.6313    14.6159  736442704     10.012    58.2418 3.0037e+00    8.40634   34.07624  -77.88460  0.000e+00
       1209      4.500    19.6047   2.151488  1010.6068    14.5869  736442707      9.921    58.1197 2.9182e+00    8.40733   34.07614  -77.88464  0.000e+00
       1210      4.500    19.6047   2.147496  1010.5817    14.5574  736442710      9.921    58.1197 2.8938e+00    8.40880   34.07604  -77.88468  0.000e+00
       1211      4.500    19.6040   2.145450  1010.5690    14.5425  736442713     10.012    58.1197 2.9060e+00    8.40966   34.07596  -77.88470  0.000e+00
       1212      4.600    19.6000   2.143609  1010.5587    14.5302  736442716      9.951    58.1197 2.9060e+00    8.41093   34.07586  -77.88472  0.000e+00
       1213      4.500    19.5972   2.143711  1010.5601    14.5319  736442719     10.012    58.1197 2.8938e+00    8.41129   34.07576  -77.88476  0.000e+00
       1214      4.500    19.5959   2.143609  1010.5599    14.5317  736442722      9.982    58.1197 2.9548e+00    8.41152   34.07566  -77.88480  0.000e+00
       1215      4.600    19.5924   2.144429  1010.5660    14.5389  736442725     10.134    57.9976 2.9426e+00    8.41172   34.07556  -77.88484  0.000e+00
       1216      4.600    19.5891   2.146168  1010.5779    14.5529  736442728     10.195    57.9976 2.9670e+00    8.41158   34.07548  -77.88488  0.000e+00
       1217      4.500    19.5836   2.148827  1010.5962    14.5745  736442731     10.317    57.9976 2.9060e+00    8.41139   34.07538  -77.88492  0.000e+00
       1218      4.500    19.5816   2.151590  1010.6142    14.5957  736442734     10.348    57.9976 2.9182e+00    8.41067   34.07528  -77.88496  0.000e+00
       1219      4.500    19.5775   2.153840  1010.6295    14.6138  736442737     10.440    58.1197 2.9426e+00    8.41043   34.07520  -77.88498  0.000e+00
       1220      4.600    19.5741   2.154352  1010.6337    14.6187  736442740     10.409    58.1197 2.9670e+00    8.41074   34.07510  -77.88502  0.000e+00
       1221      4.600    19.5713   2.153533  1010.6294    14.6136  736442743     10.470    58.1197 3.0037e+00    8.41144   34.07500  -77.88504  0.000e+00
       1222      4.600    19.5659   2.153840  1010.6329    14.6178  736442746     10.440    58.2418 3.0403e+00    8.41212   34.07492  -77.88508  0.000e+00
       1223      4.800    19.5624   2.153636  1010.6327    14.6175  736442749     10.409    58.3639 3.0647e+00    8.41270   34.07482  -77.88512  0.000e+00
       1224      4.500    19.5611   2.147598  1010.5951    14.5732  736442752     10.409    58.3639 3.0647e+00    8.41512   34.07472  -77.88516  0.000e+00
       1225      4.900    19.5604   2.141154  1010.5548    14.5257  736442755     10.470    58.4860 3.0769e+00    8.41760   34.07462  -77.88518  0.000e+00
       1226      5.000    19.5570   2.139210  1010.5436    14.5125  736442758     10.256    58.4860 3.0525e+00    8.41881   34.07454  -77.88522  0.000e+00
       1227      5.100    19.5536   2.138391  1010.5394    14.5076  736442761     10.195    58.6081 3.0891e+00    8.41961   34.07444  -77.88526  0.000e+00
       1228      5.100    19.5543   2.130208  1010.4878    14.4467  736442764     10.104    58.7302 3.1380e+00    8.42253   34.07434  -77.88528  0.000e+00
       1229      5.500    19.5611   2.120695  1010.4261    14.3740  736442767     10.134    58.8523 3.2112e+00    8.42504   34.07424  -77.88530  0.000e+00
       1230      5.300    19.5631   2.114864  1010.3889    14.3302  736442770     10.012    58.8523 3.2601e+00    8.42690   34.07414  -77.88532  0.000e+00
       1231      5.500    19.5645   2.110465  1010.3609    14.2972  736442773     10.043    58.9744 3.2967e+00    8.42832   34.07404  -77.88534  0.000e+00
       1232      5.300    19.5638   2.104224  1010.3220    14.2513  736442776     10.043    58.9744 3.2845e+00    8.43073   34.07394  -77.88536  0.000e+00
       1233      5.100    19.5631   2.097677  1010.2811    14.2031  736442779     10.073    58.9744 3.2723e+00    8.43324   34.07384  -77.88540  0.000e+00
       1234      5.100    19.5624   2.092053  1010.2460    14.1618  736442782     10.012    59.0965 3.2112e+00    8.43542   34.07374  -77.88544  0.000e+00
       1235      5.500    19.5631   2.089085  1010.2272    14.1396  736442785      9.951    59.0965 3.2723e+00    8.43641   34.07364  -77.88546  0.000e+00
       1236      5.500    19.5652   2.084277  1010.1965    14.1035  736442788     10.012    59.0965 3.2845e+00    8.43788   34.07354  -77.88550  0.000e+00
       1237      5.300    19.5713   2.081003  1010.1743    14.0772  736442791      9.890    59.0965 3.2723e+00    8.43818   34.07344  -77.88554  0.000e+00
       1238      5.000    19.5734   2.076811  1010.1474    14.0456  736442794      9.768    59.0965 3.2723e+00    8.43943   34.07336  -77.88556  0.000e+00
