data/sbe21-RVCF/050323.cnv
* Sea-Bird SBE 21 Data File:
* FileName = C:\Users\wellsd\Desktop\SBE21 Files\050323\050323.hex
* Software Version Seasave V 7.26.7.121
* Temperature SN = 3229
* Conductivity SN = 3229
* System UpLoad Time = May 03 2023 10:24:37
* NMEA Latitude = 34 08.39 N
* NMEA Longitude = 077 51.74 W
* NMEA UTC (Time) = May 03 2023  14:24:16
** Ship:
** Station:
** Operator:
# nquan = 14
# nvalues = 8352                                  
# units = specified
# name 0 = scan: Scan Count
# name 1 = dNMEA: Depth, NMEA [salt water, m]
# name 2 = t090C: Temperature [ITS-90, deg C]
# name 3 = c0S/m: Conductivity [S/m]
# name 4 = density00: Density [density, kg/m^3]
# name 5 = sal00: Salinity, Practical [PSU]
# name 6 = timeQ: Time, NMEA [seconds]
# name 7 = seaTurbMtr: Turbidity, Seapoint [FTU]
# name 8 = flSPuv0: Fluorescence, Seapoint Ultraviolet
# name 9 = flSP: Fluorescence, Seapoint
# name 10 = oxsolMg/L: Oxygen Saturation, Garcia & Gordon [mg/l]
# name 11 = latitude: Latitude [deg]
# name 12 = longitude: Longitude [deg]
# name 13 = flag:  0.000e+00
# span 0 =          1,       8352                 
# span 1 =      1.100,     14.300                 
# span 2 =    19.0018,    20.9266                 
# span 3 =   0.346860,   4.816212                 
# span 4 =   999.8771,  1027.9000                 
# span 5 =     2.0066,    35.0130                 
# span 6 =  736439083,  736464135                 
# span 7 =      8.822,     29.243                 
# span 8 =     4.7619,    76.5568                 
# span 9 = 1.5018e+00, 5.6777e+00                 
# span 10 =    7.35317,    8.88743                
# span 11 =   34.03084,   34.16164                
# span 12 =  -77.96066,  -77.86124                
# span 13 = 0.0000e+00, 0.0000e+00                
# interval = seconds: 3
# start_time = May 03 2023 14:24:43 [NMEA time, first data scan]
# bad_flag = -9.990e-29
*END*
[from data line 6710]
       6711     12.600    20.6015   1.096889  1004.0365     6.8619  736459212     10.836    72.5275 2.2344e+00    8.63062   34.09330  -77.93504  0.000e+00
       6712     12.800    20.6041   1.103832  1004.0761     6.9083  736459215     10.867    72.4054 2.2100e+00    8.62782   34.09316  -77.93502  0.000e+00
       6713     12.600    20.6075   1.108221  1004.1009     6.9374  736459218     10.928    72.1612 2.2833e+00    8.62579   34.09302  -77.93500  0.000e+00
       6714     12.600    20.6116   1.111386  1004.1186     6.9581  736459221     11.081    71.9170 2.3199e+00    8.62406   34.09288  -77.93498  0.000e+00
       6715     12.600    20.6149   1.118840  1004.1611     7.0079  736459224     10.989    71.6728 2.3321e+00    8.62099   34.09272  -77.93496  0.000e+00
       6716     12.800    20.6183   1.124455  1004.1930     7.0453  736459227     10.928    71.6728 2.3443e+00    8.61854   34.09258  -77.93494  0.000e+00
       6717     12.800    20.6223   1.126193  1004.2024     7.0564  736459230     11.020    71.5507 2.3810e+00    8.61730   34.09244  -77.93490  0.000e+00
       6718     12.800    20.6230   1.132727  1004.2400     7.1004  736459233     10.928    71.4286 2.3810e+00    8.61496   34.09230  -77.93488  0.000e+00
       6719     12.800    20.6250   1.138241  1004.2716     7.1374  736459236     10.958    71.4286 2.4054e+00    8.61276   34.09216  -77.93486  0.000e+00
       6720     12.800    20.6236   1.140691  1004.2859     7.1542  736459239     10.928    71.4286 2.4420e+00    8.61214   34.09200  -77.93484  0.000e+00
       6721     12.800    20.6223   1.140895  1004.2873     7.1558  736459242     10.836    71.5507 2.3810e+00    8.61228   34.09186  -77.93482  0.000e+00
       6722     12.600    20.6209   1.139568  1004.2798     7.1470  736459245     10.775    71.6728 2.4054e+00    8.61295   34.09172  -77.93482  0.000e+00
       6723     12.800    20.6156   1.138853  1004.2764     7.1431  736459248     10.501    71.5507 2.3932e+00    8.61404   34.09158  -77.93480  0.000e+00
       6724     12.600    20.6129   1.140180  1004.2845     7.1525  736459251     10.409    71.4286 2.4542e+00    8.61401   34.09144  -77.93478  0.000e+00
       6725     12.600    20.6075   1.144980  1004.3130     7.1859  736459254     10.379    71.3065 2.4908e+00    8.61322   34.09128  -77.93476  0.000e+00
       6726     12.600    20.6062   1.150085  1004.3427     7.2207  736459257     10.440    71.3065 2.4908e+00    8.61169   34.09114  -77.93474  0.000e+00
       6727     12.800    20.6062   1.154067  1004.3657     7.2477  736459260     10.501    71.4286 2.4542e+00    8.61032   34.09100  -77.93474  0.000e+00
       6728     12.800    20.6082   1.155190  1004.3719     7.2550  736459263     10.562    71.4286 2.4420e+00    8.60962   34.09086  -77.93472  0.000e+00
       6729     12.600    20.6109   1.154578  1004.3679     7.2504  736459266     10.531    71.4286 2.4176e+00    8.60941   34.09072  -77.93470  0.000e+00
       6730     12.800    20.6136   1.155089  1004.3705     7.2534  736459269     10.531    71.3065 2.4420e+00    8.60881   34.09058  -77.93468  0.000e+00
       6731     12.600    20.6163   1.156416  1004.3778     7.2619  736459272     10.562    71.3065 2.4420e+00    8.60793   34.09044  -77.93468  0.000e+00
       6732     12.600    20.6190   1.158662  1004.3904     7.2767  736459275     10.531    71.0623 2.4542e+00    8.60673   34.09030  -77.93466  0.000e+00
       6733     12.600    20.6190   1.161624  1004.4075     7.2968  736459278     10.592    71.0623 2.4786e+00    8.60572   34.09016  -77.93464  0.000e+00
       6734     12.800    20.6203   1.166218  1004.4339     7.3277  736459281     10.592    70.9402 2.4786e+00    8.60394   34.09002  -77.93462  0.000e+00
       6735     12.600    20.6203   1.169792  1004.4546     7.3519  736459284     10.562    70.9402 2.4908e+00    8.60271   34.08988  -77.93460  0.000e+00
       6736     12.800    20.6209   1.171325  1004.4633     7.3622  736459287     10.562    70.9402 2.4786e+00    8.60209   34.08974  -77.93458  0.000e+00
       6737     12.500    20.6209   1.172345  1004.4692     7.3691  736459290     10.592    71.0623 2.4664e+00    8.60174   34.08960  -77.93456  0.000e+00
       6738     12.600    20.6223   1.172653  1004.4708     7.3710  736459293     10.562    71.0623 2.4664e+00    8.60142   34.08946  -77.93454  0.000e+00
       6739     12.600    20.6236   1.172447  1004.4694     7.3694  736459296     10.531    71.0623 2.4908e+00    8.60128   34.08932  -77.93452  0.000e+00
       6740     12.600    20.6236   1.171529  1004.4641     7.3631  736459299     10.348    71.0623 2.4786e+00    8.60159   34.08918  -77.93450  0.000e+00
       6741     12.600    20.6230   1.171529  1004.4642     7.3633  736459302     10.379    71.0623 2.5031e+00    8.60169   34.08904  -77.93448  0.000e+00
       6742     12.600    20.6203   1.174285  1004.4806     7.3824  736459305     10.379    71.0623 2.5397e+00    8.60117   34.08890  -77.93446  0.000e+00
       6743     12.600    20.6183   1.175614  1004.4886     7.3918  736459308     10.317    71.0623 2.5031e+00    8.60104   34.08874  -77.93444  0.000e+00
       6744     12.800    20.6183   1.176328  1004.4927     7.3966  736459311     10.317    71.0623 2.5641e+00    8.60080   34.08860  -77.93442  0.000e+00
       6745     12.600    20.6149   1.176736  1004.4956     7.4000  736459314     10.226    70.9402 2.5275e+00    8.60118   34.08846  -77.93440  0.000e+00
       6746     12.600    20.6129   1.177758  1004.5018     7.4073  736459317     10.165    70.9402 2.5763e+00    8.60115   34.08832  -77.93438  0.000e+00
       6747     12.300    20.6095   1.182046  1004.5271     7.4370  736459320     10.134    70.8181 2.5519e+00    8.60022   34.08818  -77.93436  0.000e+00
       6748     12.500    20.6082   1.187051  1004.5563     7.4712  736459323     10.043    70.8181 2.5885e+00    8.59871   34.08804  -77.93434  0.000e+00
       6749     12.600    20.6055   1.191952  1004.5851     7.5050  736459326     10.134    70.9402 2.6007e+00    8.59746   34.08790  -77.93434  0.000e+00
       6750     12.500    20.6021   1.193076  1004.5921     7.5132  736459329     10.165    70.9402 2.6252e+00    8.59760   34.08776  -77.93432  0.000e+00
       6751     12.800    20.6008   1.192360  1004.5882     7.5086  736459332     10.195    70.9402 2.6007e+00    8.59806   34.08762  -77.93430  0.000e+00
       6752     12.800    20.5948   1.188888  1004.5689     7.4860  736459335     10.256    71.0623 2.6007e+00    8.60020   34.08748  -77.93428  0.000e+00
       6753     12.600    20.5934   1.185824  1004.5514     7.4654  736459338     10.195    71.1844 2.5885e+00    8.60146   34.08734  -77.93428  0.000e+00
       6754     12.600    20.5907   1.176941  1004.5003     7.4055  736459341     10.226    71.3065 2.5885e+00    8.60493   34.08720  -77.93426  0.000e+00
       6755     12.600    20.5894   1.172653  1004.4756     7.3766  736459344     10.226    71.4286 2.6252e+00    8.60661   34.08706  -77.93424  0.000e+00
       6756     12.600    20.5887   1.166014  1004.4373     7.3317  736459347     10.317    71.5507 2.5885e+00    8.60899   34.08692  -77.93422  0.000e+00
       6757     12.600    20.5880   1.159785  1004.4014     7.2895  736459350     10.348    71.6728 2.6007e+00    8.61124   34.08678  -77.93420  0.000e+00
       6758     12.800    20.5874   1.156518  1004.3825     7.2675  736459353     10.317    71.6728 2.5763e+00    8.61246   34.08664  -77.93420  0.000e+00
       6759     12.500    20.5860   1.154679  1004.3721     7.2552  736459356     10.317    71.6728 2.5885e+00    8.61330   34.08650  -77.93418  0.000e+00
       6760     12.800    20.5860   1.150902  1004.3503     7.2296  736459359     10.379    71.7949 2.5763e+00    8.61460   34.08634  -77.93416  0.000e+00
       6761     12.600    20.5847   1.148042  1004.3339     7.2105  736459362     10.440    71.7949 2.5641e+00    8.61579   34.08620  -77.93416  0.000e+00
       6762     13.000    20.5840   1.145490  1004.3193     7.1933  736459365     10.379    71.9170 2.5763e+00    8.61678   34.08606  -77.93414  0.000e+00
       6763     12.500    20.5833   1.144572  1004.3140     7.1872  736459368     10.409    71.9170 2.5275e+00    8.61719   34.08592  -77.93412  0.000e+00
       6764     12.600    20.5826   1.143856  1004.3100     7.1825  736459371     10.440    71.9170 2.5519e+00    8.61755   34.08578  -77.93410  0.000e+00
       6765     12.500    20.5813   1.143551  1004.3084     7.1806  736459374     10.440    71.9170 2.5519e+00    8.61787   34.08564  -77.93408  0.000e+00
       6766     12.600    20.5807   1.143243  1004.3068     7.1786  736459377     10.470    71.9170 2.5153e+00    8.61807   34.08550  -77.93408  0.000e+00
       6767     12.800    20.5793   1.143243  1004.3069     7.1789  736459380     10.531    71.9170 2.5275e+00    8.61829   34.08536  -77.93406  0.000e+00
       6768     12.600    20.5786   1.143346  1004.3076     7.1797  736459383     10.470    71.9170 2.4542e+00    8.61836   34.08520  -77.93404  0.000e+00
       6769     12.300    20.5780   1.143551  1004.3089     7.1812  736459386     10.531    72.0391 2.4664e+00    8.61840   34.08506  -77.93402  0.000e+00
       6770     12.800    20.5780   1.143346  1004.3077     7.1798  736459389     10.531    72.0391 2.4420e+00    8.61847   34.08492  -77.93400  0.000e+00
       6771     12.500    20.5780   1.142427  1004.3024     7.1736  736459392     10.501    72.0391 2.4542e+00    8.61878   34.08478  -77.93398  0.000e+00
       6772     12.500    20.5786   1.141303  1004.2958     7.1658  736459395     10.531    72.1612 2.4420e+00    8.61906   34.08464  -77.93396  0.000e+00
       6773     12.600    20.5793   1.140487  1004.2910     7.1602  736459398     10.470    72.0391 2.4298e+00    8.61923   34.08450  -77.93394  0.000e+00
       6774     12.600    20.5807   1.139671  1004.2861     7.1544  736459401     10.531    72.1612 2.4420e+00    8.61930   34.08434  -77.93392  0.000e+00
       6775     12.600    20.5813   1.138342  1004.2783     7.1453  736459404     10.409    72.1612 2.4420e+00    8.61965   34.08420  -77.93390  0.000e+00
       6776     12.300    20.5813   1.137424  1004.2730     7.1391  736459407     10.379    72.2833 2.4298e+00    8.61996   34.08406  -77.93388  0.000e+00
       6777     12.500    20.5826   1.136710  1004.2687     7.1341  736459410     10.379    72.1612 2.4298e+00    8.62000   34.08392  -77.93386  0.000e+00
       6778     12.300    20.5820   1.135790  1004.2635     7.1279  736459413     10.409    72.1612 2.4176e+00    8.62041   34.08378  -77.93384  0.000e+00
       6779     12.500    20.5820   1.135382  1004.2611     7.1252  736459416     10.317    72.2833 2.4420e+00    8.62055   34.08364  -77.93382  0.000e+00
       6780     12.500    20.5813   1.134769  1004.2577     7.1211  736459419     10.256    72.2833 2.4176e+00    8.62087   34.08350  -77.93380  0.000e+00
       6781     12.500    20.5800   1.134667  1004.2573     7.1207  736459422     10.287    72.1612 2.4298e+00    8.62112   34.08336  -77.93378  0.000e+00
       6782     12.600    20.5800   1.134870  1004.2585     7.1220  736459425     10.409    72.2833 2.4176e+00    8.62105   34.08322  -77.93376  0.000e+00
       6783     12.500    20.5800   1.135893  1004.2644     7.1290  736459428     10.226    72.1612 2.4054e+00    8.62070   34.08308  -77.93374  0.000e+00
       6784     12.300    20.5813   1.137424  1004.2730     7.1391  736459431     10.256    72.1612 2.4176e+00    8.61996   34.08292  -77.93374  0.000e+00
       6785     12.600    20.5820   1.139364  1004.2841     7.1521  736459434     10.195    72.1612 2.4176e+00    8.61919   34.08280  -77.93372  0.000e+00
       6786     12.600    20.5840   1.141202  1004.2945     7.1643  736459437     10.226    72.1612 2.3810e+00    8.61824   34.08264  -77.93370  0.000e+00
       6787     12.100    20.5853   1.141507  1004.2961     7.1661  736459440     10.226    72.1612 2.4054e+00    8.61793   34.08250  -77.93368  0.000e+00
       6788     12.300    20.5860   1.142427  1004.3013     7.1722  736459443     10.134    72.1612 2.4054e+00    8.61750   34.08236  -77.93366  0.000e+00
       6789     12.600    20.5880   1.143039  1004.3045     7.1760  736459446     10.134    72.1612 2.3932e+00    8.61697   34.08222  -77.93364  0.000e+00
       6790     12.300    20.5894   1.143652  1004.3079     7.1799  736459449     10.195    72.1612 2.4176e+00    8.61655   34.08208  -77.93362  0.000e+00
       6791     13.100    20.5887   1.144572  1004.3133     7.1863  736459452     10.104    72.0391 2.3932e+00    8.61634   34.08194  -77.93362  0.000e+00
       6792     13.100    20.5860   1.147532  1004.3308     7.2068  736459455     10.165    72.1612 2.3932e+00    8.61575   34.08180  -77.93360  0.000e+00
       6793     12.800    20.5793   1.151003  1004.3518     7.2315  736459458     10.134    71.9170 2.3810e+00    8.61563   34.08166  -77.93358  0.000e+00
       6794     13.000    20.5746   1.153353  1004.3661     7.2482  736459461     10.134    71.9170 2.3810e+00    8.61557   34.08152  -77.93356  0.000e+00
       6795     12.500    20.5746   1.156315  1004.3832     7.2683  736459464     10.134    71.9170 2.3565e+00    8.61455   34.08138  -77.93356  0.000e+00
       6796     12.800    20.5739   1.159377  1004.4010     7.2892  736459467     10.165    72.0391 2.3687e+00    8.61361   34.08124  -77.93354  0.000e+00
       6797     12.800    20.5773   1.160706  1004.4082     7.2976  736459470     10.226    71.9170 2.3687e+00    8.61262   34.08110  -77.93352  0.000e+00
       6798     12.800    20.5807   1.161521  1004.4125     7.3026  736459473     10.195    71.9170 2.3932e+00    8.61181   34.08096  -77.93350  0.000e+00
       6799     12.500    20.5847   1.161521  1004.4119     7.3019  736459476     10.195    72.0391 2.3810e+00    8.61117   34.08082  -77.93348  0.000e+00
       6800     12.600    20.5880   1.161521  1004.4114     7.3013  736459479     10.165    72.0391 2.3810e+00    8.61064   34.08068  -77.93344  0.000e+00
       6801     12.600    20.5914   1.160807  1004.4068     7.2959  736459482     10.134    72.0391 2.4054e+00    8.61036   34.08054  -77.93342  0.000e+00
       6802     12.300    20.5927   1.159990  1004.4019     7.2901  736459485     10.256    72.0391 2.3810e+00    8.61043   34.08040  -77.93338  0.000e+00
       6803     12.100    20.5941   1.158560  1004.3934     7.2802  736459488     10.134    72.0391 2.4176e+00    8.61070   34.08026  -77.93334  0.000e+00
       6804     12.600    20.5948   1.157642  1004.3880     7.2739  736459491     10.226    72.0391 2.4176e+00    8.61091   34.08012  -77.93328  0.000e+00
       6805     12.100    20.5948   1.157232  1004.3856     7.2711  736459494     10.104    72.0391 2.4176e+00    8.61105   34.08000  -77.93324  0.000e+00
       6806     12.300    20.5948   1.157131  1004.3850     7.2704  736459497     10.134    72.0391 2.4420e+00    8.61108   34.07986  -77.93318  0.000e+00
       6807     12.300    20.5941   1.157336  1004.3863     7.2719  736459500     10.165    72.0391 2.4298e+00    8.61112   34.07972  -77.93316  0.000e+00
       6808     12.300    20.5934   1.158152  1004.3911     7.2776  736459503     10.104    71.9170 2.4420e+00    8.61095   34.07958  -77.93312  0.000e+00
       6809     12.600    20.5921   1.159275  1004.3978     7.2854  736459506     10.104    71.9170 2.4176e+00    8.61077   34.07944  -77.93310  0.000e+00
       6810     11.800    20.5894   1.161419  1004.4106     7.3004  736459509     10.104    71.9170 2.4054e+00    8.61047   34.07932  -77.93308  0.000e+00
       6811     12.800    20.5860   1.164687  1004.4300     7.3231  736459512     10.043    71.7949 2.4298e+00    8.60987   34.07918  -77.93306  0.000e+00
       6812     12.600    20.5833   1.167955  1004.4493     7.3458  736459515     10.104    71.6728 2.4298e+00    8.60918   34.07904  -77.93306  0.000e+00
