data/sbe21-RVCF/050323.cnv
* Sea-Bird SBE 21 Data File:
* FileName = C:\Users\wellsd\Desktop\SBE21 Files\050323\050323.hex
* Software Version Seasave V 7.26.7.121
* Temperature SN = 3229
* Conductivity SN = 3229
* System UpLoad Time = May 03 2023 10:24:37
* NMEA Latitude = 34 08.39 N
* NMEA Longitude = 077 51.74 W
* NMEA UTC (Time) = May 03 2023  14:24:16
** Ship:
** Station:
** Operator:
# nquan = 14
# nvalues = 8352                                  
# units = specified
# name 0 = scan: Scan Count
# name 1 = dNMEA: Depth, NMEA [salt water, m]
# name 2 = t090C: Temperature [ITS-90, deg C]
# name 3 = c0S/m: Conductivity [S/m]
# name 4 = density00: Density [density, kg/m^3]
# name 5 = sal00: Salinity, Practical [PSU]
# name 6 = timeQ: Time, NMEA [seconds]
# name 7 = seaTurbMtr: Turbidity, Seapoint [FTU]
# name 8 = flSPuv0: Fluorescence, Seapoint Ultraviolet
# name 9 = flSP: Fluorescence, Seapoint
# name 10 = oxsolMg/L: Oxygen Saturation, Garcia & Gordon [mg/l]
# name 11 = latitude: Latitude [deg]
# name 12 = longitude: Longitude [deg]
# name 13 = flag:  0.000e+00
# span 0 =          1,       8352                 
# span 1 =      1.100,     14.300                 
# span 2 =    19.0018,    20.9266                 
# span 3 =   0.346860,   4.816212                 
# span 4 =   999.8771,  1027.9000                 
# span 5 =     2.0066,    35.0130                 
# span 6 =  736439083,  736464135                 
# span 7 =      8.822,     29.243                 
# span 8 =     4.7619,    76.5568                 
# span 9 = 1.5018e+00, 5.6777e+00                 
# span 10 =    7.35317,    8.88743                
# span 11 =   34.03084,   34.16164                
# span 12 =  -77.96066,  -77.86124                
# span 13 = 0.0000e+00, 0.0000e+00                
# interval = seconds: 3
# start_time = May 03 2023 14:24:43 [NMEA time, first data scan]
# bad_flag = -9.990e-29
*END*
[from data line 1755]
       1756      1.700    20.2140   2.062690  1009.8817    13.7325  736444348     12.363    58.2418 3.2601e+00    8.35123   34.03770  -77.93172  0.000e+00
       1757      1.700    20.2134   2.068724  1009.9191    13.7765  736444351     12.485    58.1197 3.2723e+00    8.34917   34.03758  -77.93182  0.000e+00
       1758      1.700    20.2134   2.076807  1009.9689    13.8352  736444354     12.454    57.9976 3.2112e+00    8.34628   34.03746  -77.93190  0.000e+00
       1759      1.700    20.2161   2.080182  1009.9890    13.8589  736444357     12.454    57.8755 3.1990e+00    8.34469   34.03734  -77.93198  0.000e+00
       1760      1.700    20.2174   2.084069  1010.0126    13.8867  736444360     12.515    57.7534 3.2112e+00    8.34310   34.03724  -77.93206  0.000e+00
       1761      1.700    20.2208   2.092559  1010.0640    13.9473  736444363     12.668    57.6313 3.1868e+00    8.33959   34.03712  -77.93216  0.000e+00
       1762      1.700    20.2228   2.096958  1010.0906    13.9787  736444366     12.607    57.5092 3.1380e+00    8.33773   34.03700  -77.93224  0.000e+00
       1763      1.700    20.2262   2.104833  1010.1383    14.0349  736444369     12.637    57.3871 3.1258e+00    8.33443   34.03688  -77.93232  0.000e+00
       1764      1.700    20.2303   2.109027  1010.1631    14.0640  736444372     12.668    57.2650 3.1380e+00    8.33234   34.03678  -77.93240  0.000e+00
       1765      1.700    20.2384   2.115575  1010.2013    14.1090  736444375     12.729    57.0208 3.1013e+00    8.32885   34.03666  -77.93248  0.000e+00
       1766      1.700    20.2512   2.122327  1010.2394    14.1539  736444378     12.973    56.6545 3.0525e+00    8.32460   34.03654  -77.93254  0.000e+00
       1767      1.800    20.2532   2.128770  1010.2786    14.2001  736444381     13.034    56.5324 3.0281e+00    8.32201   34.03644  -77.93262  0.000e+00
       1768      1.800    20.2559   2.143707  1010.3701    14.3080  736444384     13.156    56.4103 2.9915e+00    8.31629   34.03632  -77.93270  0.000e+00
       1769      1.800    20.2627   2.158029  1010.4568    14.4102  736444387     12.851    56.4103 2.9915e+00    8.31022   34.03620  -77.93278  0.000e+00
       1770      1.800    20.2661   2.159463  1010.4647    14.4195  736444390     12.943    56.4103 2.9915e+00    8.30923   34.03608  -77.93286  0.000e+00
       1771      1.800    20.2674   2.168159  1010.5181    14.4824  736444393     13.217    56.2882 2.9792e+00    8.30593   34.03596  -77.93294  0.000e+00
       1772      1.800    20.2674   2.172761  1010.5466    14.5160  736444396     13.187    56.1661 2.9915e+00    8.30429   34.03582  -77.93300  0.000e+00
       1773      1.800    20.2741   2.177775  1010.5757    14.5503  736444399     13.095    56.0440 2.9915e+00    8.30155   34.03570  -77.93308  0.000e+00
       1774      1.800    20.2795   2.182583  1010.6039    14.5835  736444402     12.912    55.7998 2.9792e+00    8.29906   34.03558  -77.93314  0.000e+00
       1775      1.800    20.2924   2.191792  1010.6572    14.6464  736444405     12.698    55.3114 2.9792e+00    8.29396   34.03546  -77.93322  0.000e+00
       1776      1.800    20.3038   2.199464  1010.7013    14.6984  736444408     12.546    54.9451 2.9915e+00    8.28960   34.03534  -77.93328  0.000e+00
       1777      1.800    20.3254   2.211845  1010.7717    14.7813  736444411     12.759    54.5788 2.9548e+00    8.28214   34.03522  -77.93336  0.000e+00
       1778      1.800    20.3342   2.235684  1010.9168    14.9524  736444414     12.912    54.3346 2.9548e+00    8.27241   34.03512  -77.93344  0.000e+00
       1779      2.000    20.3518   2.254001  1011.0252    15.0801  736444417     13.095    54.2125 2.9182e+00    8.26343   34.03500  -77.93350  0.000e+00
       1780      2.000    20.3578   2.263825  1011.0843    15.1498  736444420     13.523    54.3346 2.9182e+00    8.25909   34.03488  -77.93358  0.000e+00
       1781      2.000    20.3605   2.271396  1011.1305    15.2043  736444423     13.462    54.3346 2.9792e+00    8.25602   34.03476  -77.93366  0.000e+00
       1782      2.000    20.3686   2.276614  1011.1604    15.2396  736444426     13.523    54.7009 3.0159e+00    8.25302   34.03462  -77.93372  0.000e+00
       1783      2.000    20.3821   2.274262  1011.1417    15.2176  736444429     13.614    54.9451 3.1502e+00    8.25197   34.03450  -77.93380  0.000e+00
       1784      2.000    20.3942   2.266994  1011.0930    15.1601  736444432     13.553    55.4335 3.2601e+00    8.25285   34.03438  -77.93388  0.000e+00
       1785      2.000    20.4050   2.252464  1010.9997    15.0501  736444435     13.675    55.7998 3.3578e+00    8.25650   34.03426  -77.93396  0.000e+00
       1786      2.200    20.4104   2.234763  1010.8885    14.9190  736444438     13.462    56.0440 3.3700e+00    8.26201   34.03414  -77.93404  0.000e+00
       1787      2.200    20.4131   2.216345  1010.7738    14.7838  736444441     13.492    56.2882 3.4188e+00    8.26816   34.03402  -77.93412  0.000e+00
       1788      2.200    20.4137   2.200180  1010.6737    14.6658  736444444     13.492    56.4103 3.4554e+00    8.27380   34.03390  -77.93420  0.000e+00
       1789      2.400    20.4131   2.186980  1010.5924    14.5700  736444447     13.462    56.6545 3.4921e+00    8.27856   34.03378  -77.93430  0.000e+00
       1790      2.400    20.4124   2.178183  1010.5383    14.5062  736444450     13.462    56.7766 3.4554e+00    8.28178   34.03366  -77.93438  0.000e+00
       1791      2.500    20.4111   2.170612  1010.4920    14.4516  736444453     13.462    56.8987 3.4799e+00    8.28465   34.03354  -77.93446  0.000e+00
       1792      2.500    20.4070   2.161098  1010.4344    14.3838  736444456     13.492    57.0208 3.4676e+00    8.28859   34.03342  -77.93456  0.000e+00
       1793      2.500    20.4043   2.152812  1010.3841    14.3245  736444459     13.431    57.2650 3.5043e+00    8.29191   34.03330  -77.93464  0.000e+00
       1794      2.700    20.4030   2.142784  1010.3227    14.2522  736444462     13.278    57.5092 3.5897e+00    8.29566   34.03318  -77.93474  0.000e+00
       1795      2.700    20.3996   2.129894  1010.2443    14.1597  736444465     13.187    57.6313 3.5653e+00    8.30071   34.03306  -77.93484  0.000e+00
       1796      2.900    20.3949   2.119769  1010.1832    14.0878  736444468     13.095    57.8755 3.5775e+00    8.30496   34.03294  -77.93492  0.000e+00
       1797      3.000    20.3929   2.106469  1010.1020    13.9920  736444471     12.973    57.9976 3.6142e+00    8.30996   34.03282  -77.93502  0.000e+00
       1798      3.000    20.3888   2.100332  1010.0653    13.9489  736444474     12.759    57.9976 3.5897e+00    8.31271   34.03270  -77.93510  0.000e+00
       1799      3.200    20.3868   2.093888  1010.0263    13.9028  736444477     12.759    58.1197 3.5287e+00    8.31529   34.03256  -77.93520  0.000e+00
       1800      3.400    20.3821   2.092148  1010.0169    13.8918  736444480     12.576    58.1197 3.5653e+00    8.31658   34.03244  -77.93528  0.000e+00
       1801      3.500    20.3801   2.087035  1009.9860    13.8554  736444483     12.363    58.2418 3.5165e+00    8.31868   34.03230  -77.93538  0.000e+00
       1802      3.700    20.3780   2.082432  1009.9583    13.8227  736444486     12.210    58.3639 3.4921e+00    8.32061   34.03218  -77.93546  0.000e+00
       1803      3.500    20.3753   2.076294  1009.9213    13.7791  736444489     12.027    58.4860 3.4188e+00    8.32317   34.03204  -77.93556  0.000e+00
       1804      3.500    20.3733   2.072508  1009.8986    13.7524  736444492     11.935    58.4860 3.4188e+00    8.32480   34.03192  -77.93564  0.000e+00
       1805      3.500    20.3713   2.070566  1009.8872    13.7390  736444495     11.905    58.6081 3.3944e+00    8.32577   34.03178  -77.93572  0.000e+00
       1806      3.700    20.3686   2.067394  1009.8684    13.7169  736444498     11.783    58.7302 3.3822e+00    8.32729   34.03166  -77.93582  0.000e+00
       1807      3.700    20.3659   2.063406  1009.8447    13.6889  736444501     11.630    58.6081 3.3700e+00    8.32909   34.03154  -77.93594  0.000e+00
       1808      4.000    20.3646   2.061053  1009.8306    13.6723  736444504     11.630    58.6081 3.3211e+00    8.33012   34.03144  -77.93604  0.000e+00
       1809      4.100    20.3632   2.059620  1009.8222    13.6623  736444507     11.661    58.6081 3.2723e+00    8.33082   34.03132  -77.93618  0.000e+00
       1810      4.400    20.3619   2.059110  1009.8194    13.6591  736444510     11.661    58.6081 3.2357e+00    8.33120   34.03124  -77.93632  0.000e+00
       1811      4.500    20.3599   2.061359  1009.8337    13.6760  736444513     11.783    58.3639 3.1868e+00    8.33069   34.03114  -77.93646  0.000e+00
       1812      5.500    20.3585   2.065758  1009.8611    13.7083  736444516     11.752    58.2418 3.1746e+00    8.32932   34.03106  -77.93662  0.000e+00
       1813      4.900    20.3572   2.068008  1009.8753    13.7250  736444519     12.088    58.1197 3.1746e+00    8.32872   34.03100  -77.93676  0.000e+00
       1814      5.000    20.3565   2.072408  1009.9026    13.7571  736444522     12.057    57.8755 3.1502e+00    8.32726   34.03094  -77.93694  0.000e+00
       1815      5.000    20.3545   2.083045  1009.9685    13.8348  736444525     12.149    57.7534 3.0525e+00    8.32377   34.03090  -77.93710  0.000e+00
       1816      4.900    20.3524   2.094604  1010.0402    13.9192  736444528     12.179    57.6313 3.0281e+00    8.31996   34.03086  -77.93728  0.000e+00
       1817      4.800    20.3457   2.105651  1010.1100    14.0016  736444531     12.546    57.5092 2.9670e+00    8.31700   34.03084  -77.93744  0.000e+00
       1818      5.000    20.3443   2.112505  1010.1526    14.0517  736444534     12.698    57.2650 2.9182e+00    8.31476   34.03084  -77.93762  0.000e+00
       1819      5.300    20.3403   2.120893  1010.2055    14.1140  736444537     12.485    57.1429 2.9060e+00    8.31236   34.03084  -77.93778  0.000e+00
       1820      6.400    20.3329   2.133784  1010.2870    14.2101  736444540     12.057    57.2650 2.8449e+00    8.30884   34.03084  -77.93796  0.000e+00
       1821      6.900    20.3308   2.142682  1010.3425    14.2755  736444543     11.661    57.5092 2.8205e+00    8.30597   34.03084  -77.93812  0.000e+00
       1822      7.800    20.3268   2.142580  1010.3430    14.2761  736444546     11.355    57.8755 2.7717e+00    8.30658   34.03084  -77.93830  0.000e+00
       1823      8.100    20.3254   2.137261  1010.3106    14.2379  736444549     10.714    58.4860 2.7961e+00    8.30867   34.03086  -77.93846  0.000e+00
       1824      9.100    20.3248   2.126316  1010.2433    14.1585  736444552     10.348    59.0965 2.8571e+00    8.31265   34.03090  -77.93864  0.000e+00
       1825      9.600    20.3234   2.109130  1010.1377    14.0341  736444555     10.073    59.9512 2.8938e+00    8.31895   34.03094  -77.93878  0.000e+00
       1826     11.000    20.3207   2.043665  1009.7357    13.5604  736444558      9.768    60.5617 2.8938e+00    8.34261   34.03102  -77.93892  0.000e+00
       1827     12.100    20.3160   2.024641  1009.6201    13.4243  736444561      9.585    61.2943 2.8816e+00    8.35004   34.03110  -77.93904  0.000e+00
       1828     13.100    20.3106   2.003776  1009.4936    13.2752  736444564      9.524    61.6606 2.8694e+00    8.35824   34.03118  -77.93914  0.000e+00
       1829     13.100    20.3038   1.961233  1009.2347    12.9704  736444567      9.463    62.1490 2.8449e+00    8.37433   34.03128  -77.93924  0.000e+00
       1830     13.300    20.2971   1.922170  1008.9977    12.6912  736444570      9.280    62.3932 2.8327e+00    8.38919   34.03138  -77.93930  0.000e+00
       1831     13.300    20.2883   1.889859  1008.8027    12.4616  736444573      9.249    62.7595 2.7839e+00    8.40195   34.03148  -77.93938  0.000e+00
       1832     13.100    20.2823   1.874521  1008.7107    12.3533  736444576      9.219    62.8816 2.7717e+00    8.40828   34.03160  -77.93944  0.000e+00
       1833     13.100    20.2748   1.856628  1008.6035    12.2271  736444579      9.280    63.0037 2.7839e+00    8.41573   34.03172  -77.93950  0.000e+00
       1834     12.800    20.2694   1.846097  1008.5407    12.1532  736444582      9.280    63.1258 2.7717e+00    8.42027   34.03184  -77.93954  0.000e+00
       1835     12.800    20.2654   1.826979  1008.4254    12.0175  736444585      9.280    63.2479 2.8571e+00    8.42766   34.03196  -77.93958  0.000e+00
       1836     12.800    20.2586   1.812768  1008.3406    11.9177  736444588      9.219    63.3700 2.8327e+00    8.43371   34.03206  -77.93962  0.000e+00
       1837     12.800    20.2566   1.801930  1008.2752    11.8407  736444591      9.219    63.4921 2.8449e+00    8.43785   34.03218  -77.93966  0.000e+00
       1838     12.600    20.2485   1.797330  1008.2492    11.8101  736444594      9.280    63.4921 2.8694e+00    8.44069   34.03230  -77.93970  0.000e+00
       1839     12.600    20.2458   1.790788  1008.2101    11.7641  736444597      9.249    63.4921 2.8938e+00    8.44342   34.03242  -77.93972  0.000e+00
       1840     12.600    20.2445   1.784755  1008.1738    11.7214  736444600      9.310    63.6142 2.8938e+00    8.44576   34.03252  -77.93974  0.000e+00
       1841     12.500    20.2431   1.778521  1008.1363    11.6772  736444603      9.402    63.4921 2.9182e+00    8.44817   34.03264  -77.93978  0.000e+00
       1842     12.500    20.2451   1.776272  1008.1221    11.6606  736444606      9.310    63.4921 2.9426e+00    8.44867   34.03276  -77.93980  0.000e+00
       1843     12.500    20.2492   1.774636  1008.1113    11.6478  736444609      9.280    63.4921 2.9792e+00    8.44864   34.03288  -77.93982  0.000e+00
       1844     12.500    20.2552   1.772183  1008.0950    11.6287  736444612      9.188    63.4921 3.0281e+00    8.44861   34.03298  -77.93984  0.000e+00
       1845     12.300    20.2586   1.769216  1008.0762    11.6066  736444615      9.188    63.4921 3.0037e+00    8.44916   34.03310  -77.93986  0.000e+00
       1846     12.300    20.2647   1.765435  1008.0519    11.5780  736444618      9.066    63.4921 2.9792e+00    8.44959   34.03322  -77.93990  0.000e+00
       1847     12.300    20.2661   1.763696  1008.0411    11.5652  736444621      9.096    63.4921 2.9426e+00    8.45000   34.03334  -77.93992  0.000e+00
       1848     12.300    20.2667   1.762880  1008.0360    11.5592  736444624      9.005    63.6142 2.9426e+00    8.45020   34.03346  -77.93994  0.000e+00
       1849     12.300    20.2640   1.761549  1008.0285    11.5504  736444627      9.005    63.6142 2.9426e+00    8.45107   34.03356  -77.93996  0.000e+00
       1850     12.300    20.2627   1.760733  1008.0239    11.5450  736444630      9.035    63.7363 2.8938e+00    8.45156   34.03368  -77.93998  0.000e+00
       1851     12.300    20.2607   1.759813  1008.0188    11.5390  736444633      9.035    63.7363 2.8816e+00    8.45219   34.03380  -77.94002  0.000e+00
       1852     12.300    20.2566   1.759609  1008.0185    11.5386  736444636      9.066    63.7363 2.8571e+00    8.45287   34.03392  -77.94004  0.000e+00
       1853     12.500    20.2539   1.758483  1008.0123    11.5313  736444639      9.096    63.7363 2.8816e+00    8.45367   34.03404  -77.94008  0.000e+00
       1854     12.600    20.2505   1.757665  1008.0081    11.5264  736444642      9.127    63.8584 2.8205e+00    8.45446   34.03414  -77.94010  0.000e+00
       1855     12.600    20.2471   1.756847  1008.0039    11.5215  736444645      9.096    63.8584 2.8205e+00    8.45526   34.03426  -77.94012  0.000e+00
       1856     12.600    20.2465   1.755315  1007.9948    11.5107  736444648      9.096    63.8584 2.7961e+00    8.45591   34.03438  -77.94014  0.000e+00
       1857     12.600    20.2451   1.754907  1007.9926    11.5082  736444651      9.096    63.8584 2.7839e+00    8.45625   34.03450  -77.94016  0.000e+00
       1858     12.800    20.2438   1.754805  1007.9923    11.5078  736444654      9.158    63.8584 2.7839e+00    8.45649   34.03462  -77.94018  0.000e+00
