data/sbe21-RVCF/050323.cnv
* Sea-Bird SBE 21 Data File:
* FileName = C:\Users\wellsd\Desktop\SBE21 Files\050323\050323.hex
* Software Version Seasave V 7.26.7.121
* Temperature SN = 3229
* Conductivity SN = 3229
* System UpLoad Time = May 03 2023 10:24:37
* NMEA Latitude = 34 08.39 N
* NMEA Longitude = 077 51.74 W
* NMEA UTC (Time) = May 03 2023  14:24:16
** Ship:
** Station:
** Operator:
# nquan = 14
# nvalues = 8352                                  
# units = specified
# name 0 = scan: Scan Count
# name 1 = dNMEA: Depth, NMEA [salt water, m]
# name 2 = t090C: Temperature [ITS-90, deg C]
# name 3 = c0S/m: Conductivity [S/m]
# name 4 = density00: Density [density, kg/m^3]
# name 5 = sal00: Salinity, Practical [PSU]
# name 6 = timeQ: Time, NMEA [seconds]
# name 7 = seaTurbMtr: Turbidity, Seapoint [FTU]
# name 8 = flSPuv0: Fluorescence, Seapoint Ultraviolet
# name 9 = flSP: Fluorescence, Seapoint
# name 10 = oxsolMg/L: Oxygen Saturation, Garcia & Gordon [mg/l]
# name 11 = latitude: Latitude [deg]
# name 12 = longitude: Longitude [deg]
# name 13 = flag:  0.000e+00
# span 0 =          1,       8352                 
# span 1 =      1.100,     14.300                 
# span 2 =    19.0018,    20.9266                 
# span 3 =   0.346860,   4.816212                 
# span 4 =   999.8771,  1027.9000                 
# span 5 =     2.0066,    35.0130                 
# span 6 =  736439083,  736464135                 
# span 7 =      8.822,     29.243                 
# span 8 =     4.7619,    76.5568                 
# span 9 = 1.5018e+00, 5.6777e+00                 
# span 10 =    7.35317,    8.88743                
# span 11 =   34.03084,   34.16164                
# span 12 =  -77.96066,  -77.86124                
# span 13 = 0.0000e+00, 0.0000e+00                
# interval = seconds: 3
# start_time = May 03 2023 14:24:43 [NMEA time, first data scan]
# bad_flag = -9.990e-29
*END*
[from data line 5678]
       5679     13.600    20.6371   0.729328  1001.9506     4.4217  736456116     13.492    75.4579 2.1490e+00    8.74893   34.13428  -77.94058  0.000e+00
       5680     13.300    20.6331   0.728817  1001.9481     4.4188  736456119     13.462    75.4579 2.1612e+00    8.74977   34.13434  -77.94062  0.000e+00
       5681     13.300    20.6290   0.727695  1001.9422     4.4119  736456122     13.462    75.4579 2.1245e+00    8.75081   34.13440  -77.94068  0.000e+00
       5682     13.300    20.6250   0.726573  1001.9363     4.4050  736456125     13.462    75.5800 2.1490e+00    8.75185   34.13446  -77.94074  0.000e+00
       5683     13.500    20.6209   0.725552  1001.9310     4.3988  736456128     13.339    75.5800 2.1245e+00    8.75286   34.13452  -77.94078  0.000e+00
       5684     13.500    20.6163   0.723409  1001.9195     4.3853  736456131     13.309    75.7021 2.1245e+00    8.75435   34.13458  -77.94084  0.000e+00
       5685     13.600    20.6048   0.720859  1001.9063     4.3699  736456134     13.217    75.7021 2.1001e+00    8.75709   34.13464  -77.94088  0.000e+00
       5686     13.500    20.5981   0.718001  1001.8910     4.3521  736456137     13.217    75.7021 2.0879e+00    8.75915   34.13470  -77.94092  0.000e+00
       5687     13.600    20.5874   0.714940  1001.8749     4.3333  736456140     13.339    75.8242 2.0879e+00    8.76195   34.13476  -77.94098  0.000e+00
       5688     13.600    20.5833   0.712186  1001.8599     4.3158  736456143     13.187    75.8242 2.0879e+00    8.76354   34.13482  -77.94102  0.000e+00
       5689     13.300    20.5800   0.709941  1001.8478     4.3016  736456146     13.278    75.8242 2.0635e+00    8.76485   34.13488  -77.94108  0.000e+00
       5690     13.300    20.5753   0.706573  1001.8294     4.2802  736456149     13.339    75.8242 2.0635e+00    8.76675   34.13494  -77.94112  0.000e+00
       5691     13.300    20.5739   0.704430  1001.8176     4.2664  736456152     13.278    75.9463 2.0635e+00    8.76769   34.13500  -77.94118  0.000e+00
       5692     13.500    20.5726   0.703409  1001.8121     4.2599  736456155     13.370    75.8242 2.0635e+00    8.76825   34.13506  -77.94122  0.000e+00
       5693     13.300    20.5733   0.703002  1001.8098     4.2572  736456158     13.431    75.8242 2.0635e+00    8.76827   34.13510  -77.94128  0.000e+00
       5694     13.300    20.5760   0.703206  1001.8107     4.2583  736456161     13.431    75.7021 2.0635e+00    8.76776   34.13516  -77.94132  0.000e+00
       5695     13.100    20.5800   0.703715  1001.8132     4.2612  736456164     13.614    75.7021 2.0757e+00    8.76693   34.13522  -77.94138  0.000e+00
       5696     13.100    20.5840   0.706165  1001.8264     4.2767  736456167     13.614    75.5800 2.0757e+00    8.76544   34.13528  -77.94144  0.000e+00
       5697     13.000    20.5901   0.707696  1001.8344     4.2860  736456170     13.675    75.5800 2.1001e+00    8.76392   34.13534  -77.94150  0.000e+00
       5698     13.000    20.5954   0.708306  1001.8374     4.2894  736456173     13.614    75.4579 2.1123e+00    8.76283   34.13540  -77.94154  0.000e+00
       5699     12.800    20.6015   0.708715  1001.8391     4.2915  736456176     13.706    75.4579 2.1123e+00    8.76169   34.13544  -77.94160  0.000e+00
       5700     13.100    20.6048   0.709940  1001.8456     4.2991  736456179     13.767    75.3358 2.1123e+00    8.76073   34.13550  -77.94166  0.000e+00
       5701     13.100    20.6116   0.711267  1001.8524     4.3070  736456182     13.828    75.4579 2.1245e+00    8.75917   34.13556  -77.94172  0.000e+00
       5702     12.800    20.6143   0.711674  1001.8545     4.3094  736456185     13.736    75.4579 2.1245e+00    8.75859   34.13560  -77.94178  0.000e+00
       5703     12.600    20.6190   0.710654  1001.8484     4.3023  736456188     13.828    75.3358 2.1123e+00    8.75815   34.13566  -77.94184  0.000e+00
       5704     12.800    20.6223   0.710450  1001.8470     4.3007  736456191     13.919    75.3358 2.1490e+00    8.75767   34.13572  -77.94190  0.000e+00
       5705     13.000    20.6250   0.710245  1001.8456     4.2991  736456194     13.858    75.3358 2.1368e+00    8.75729   34.13578  -77.94196  0.000e+00
       5706     13.000    20.6277   0.709838  1001.8431     4.2962  736456197     13.889    75.2137 2.1368e+00    8.75698   34.13584  -77.94202  0.000e+00
       5707     13.000    20.6290   0.709430  1001.8407     4.2934  736456200     13.950    75.2137 2.1612e+00    8.75689   34.13590  -77.94206  0.000e+00
       5708     13.000    20.6331   0.709327  1001.8398     4.2923  736456203     13.980    75.2137 2.1734e+00    8.75626   34.13596  -77.94212  0.000e+00
       5709     13.000    20.6364   0.709430  1001.8401     4.2926  736456206     14.011    75.0916 2.1856e+00    8.75567   34.13598  -77.94216  0.000e+00
       5710     12.800    20.6398   0.709634  1001.8409     4.2936  736456209     14.133    75.2137 2.1978e+00    8.75504   34.13606  -77.94224  0.000e+00
       5711     12.600    20.6438   0.710043  1001.8429     4.2959  736456212     14.042    75.2137 2.1856e+00    8.75425   34.13612  -77.94230  0.000e+00
       5712     12.800    20.6458   0.711063  1001.8484     4.3023  736456215     14.072    75.0916 2.1734e+00    8.75357   34.13618  -77.94236  0.000e+00
       5713     12.800    20.6505   0.711777  1001.8519     4.3064  736456218     14.072    75.0916 2.1978e+00    8.75256   34.13622  -77.94242  0.000e+00
       5714     12.800    20.6532   0.712286  1001.8545     4.3095  736456221     14.225    74.9695 2.2100e+00    8.75194   34.13628  -77.94250  0.000e+00
       5715     13.000    20.6572   0.713817  1001.8627     4.3190  736456224     14.225    74.9695 2.2344e+00    8.75077   34.13632  -77.94256  0.000e+00
       5716     13.000    20.6606   0.715247  1001.8703     4.3279  736456227     14.194    74.9695 2.2100e+00    8.74974   34.13638  -77.94262  0.000e+00
       5717     13.000    20.6640   0.715960  1001.8740     4.3322  736456230     14.164    74.9695 2.1978e+00    8.74894   34.13644  -77.94268  0.000e+00
       5718     13.000    20.6667   0.716776  1001.8783     4.3372  736456233     14.255    74.9695 2.2344e+00    8.74823   34.13648  -77.94274  0.000e+00
       5719     13.000    20.6679   0.717695  1001.8833     4.3431  736456236     14.286    74.9695 2.2344e+00    8.74771   34.13654  -77.94280  0.000e+00
       5720     12.600    20.6706   0.718409  1001.8870     4.3474  736456239     14.164    74.9695 2.2222e+00    8.74703   34.13660  -77.94286  0.000e+00
       5721     13.000    20.6733   0.718817  1001.8890     4.3498  736456242     14.225    74.8474 2.2589e+00    8.74645   34.13666  -77.94292  0.000e+00
       5722     13.000    20.6747   0.719635  1001.8935     4.3549  736456245     14.286    74.8474 2.2466e+00    8.74595   34.13672  -77.94298  0.000e+00
       5723     12.800    20.6760   0.720041  1001.8956     4.3574  736456248     14.316    74.8474 2.2344e+00    8.74560   34.13678  -77.94304  0.000e+00
       5724     13.100    20.6794   0.720960  1001.9004     4.3631  736456251     14.286    74.8474 2.2466e+00    8.74473   34.13684  -77.94310  0.000e+00
       5725     12.800    20.6807   0.721471  1001.9031     4.3662  736456254     14.316    74.8474 2.2589e+00    8.74435   34.13688  -77.94316  0.000e+00
       5726     12.800    20.6820   0.722491  1001.9087     4.3727  736456257     14.408    74.8474 2.2466e+00    8.74379   34.13694  -77.94322  0.000e+00
       5727     12.600    20.6834   0.723409  1001.9137     4.3785  736456260     14.469    74.8474 2.2222e+00    8.74326   34.13700  -77.94328  0.000e+00
       5728     12.800    20.6854   0.724328  1001.9186     4.3843  736456263     14.347    74.7253 2.2466e+00    8.74262   34.13704  -77.94334  0.000e+00
       5729     12.800    20.6868   0.725247  1001.9236     4.3901  736456266     14.316    74.7253 2.2222e+00    8.74209   34.13710  -77.94340  0.000e+00
       5730     12.800    20.6881   0.726165  1001.9286     4.3959  736456269     14.316    74.8474 2.2344e+00    8.74156   34.13716  -77.94346  0.000e+00
       5731     12.600    20.6895   0.727389  1001.9352     4.4037  736456272     14.499    74.7253 2.2222e+00    8.74094   34.13722  -77.94352  0.000e+00
       5732     12.500    20.6922   0.728307  1001.9401     4.4094  736456275     14.530    74.7253 2.2466e+00    8.74019   34.13728  -77.94358  0.000e+00
       5733     12.500    20.6935   0.729737  1001.9479     4.4186  736456278     14.408    74.7253 2.2589e+00    8.73950   34.13734  -77.94364  0.000e+00
       5734     12.300    20.6942   0.731267  1001.9564     4.4284  736456281     14.438    74.7253 2.2589e+00    8.73888   34.13738  -77.94372  0.000e+00
       5735     12.300    20.6968   0.732593  1001.9635     4.4367  736456284     14.438    74.7253 2.2466e+00    8.73799   34.13744  -77.94378  0.000e+00
       5736     12.300    20.6988   0.733511  1001.9684     4.4425  736456287     14.438    74.7253 2.2222e+00    8.73736   34.13750  -77.94384  0.000e+00
       5737     12.100    20.7002   0.733817  1001.9700     4.4443  736456290     14.408    74.7253 2.2589e+00    8.73704   34.13756  -77.94390  0.000e+00
       5738     12.100    20.7009   0.733205  1001.9666     4.4403  736456293     14.347    74.7253 2.2466e+00    8.73712   34.13762  -77.94396  0.000e+00
       5739     12.100    20.7009   0.731471  1001.9569     4.4290  736456296     14.286    74.7253 2.2344e+00    8.73770   34.13768  -77.94402  0.000e+00
       5740     12.000    20.7015   0.729939  1001.9484     4.4190  736456299     14.255    74.8474 2.2466e+00    8.73810   34.13772  -77.94408  0.000e+00
       5741     12.000    20.7015   0.728715  1001.9416     4.4111  736456302     14.347    74.7253 2.2100e+00    8.73851   34.13778  -77.94414  0.000e+00
       5742     12.000    20.7015   0.727899  1001.9370     4.4058  736456305     14.133    74.8474 2.2222e+00    8.73878   34.13784  -77.94420  0.000e+00
       5743     12.000    20.7015   0.727593  1001.9353     4.4038  736456308     14.103    74.8474 2.2222e+00    8.73888   34.13790  -77.94426  0.000e+00
       5744     11.800    20.7015   0.727185  1001.9331     4.4012  736456311     14.164    74.8474 2.2100e+00    8.73902   34.13796  -77.94432  0.000e+00
       5745     11.800    20.7009   0.727185  1001.9331     4.4012  736456314     14.133    74.8474 2.2466e+00    8.73912   34.13802  -77.94438  0.000e+00
       5746     11.800    20.7009   0.726981  1001.9320     4.3999  736456317     14.072    74.8474 2.1856e+00    8.73919   34.13808  -77.94444  0.000e+00
       5747     11.800    20.7002   0.726369  1001.9286     4.3960  736456320     14.103    74.8474 2.2100e+00    8.73951   34.13814  -77.94450  0.000e+00
       5748     11.800    20.7009   0.726369  1001.9286     4.3960  736456323     14.042    74.9695 2.2100e+00    8.73939   34.13820  -77.94454  0.000e+00
       5749     11.600    20.7002   0.726266  1001.9281     4.3954  736456326     14.011    74.8474 2.2100e+00    8.73954   34.13826  -77.94460  0.000e+00
       5750     11.600    20.6995   0.726062  1001.9270     4.3941  736456329     13.980    74.9695 2.2100e+00    8.73972   34.13832  -77.94466  0.000e+00
       5751     11.600    20.6995   0.725959  1001.9264     4.3934  736456332     14.072    74.9695 2.2100e+00    8.73975   34.13836  -77.94472  0.000e+00
       5752     11.600    20.6982   0.725552  1001.9243     4.3909  736456335     14.042    74.9695 2.1856e+00    8.74011   34.13842  -77.94478  0.000e+00
       5753     11.600    20.6975   0.723715  1001.9141     4.3791  736456338     14.103    74.9695 2.1978e+00    8.74083   34.13846  -77.94486  0.000e+00
       5754     11.600    20.6961   0.722695  1001.9086     4.3726  736456341     13.950    74.9695 2.1978e+00    8.74139   34.13850  -77.94492  0.000e+00
       5755     11.600    20.6948   0.721981  1001.9048     4.3681  736456344     13.980    74.9695 2.1978e+00    8.74185   34.13856  -77.94500  0.000e+00
       5756     11.600    20.6935   0.721165  1001.9003     4.3630  736456347     13.950    74.9695 2.1978e+00    8.74235   34.13860  -77.94508  0.000e+00
       5757     11.600    20.6908   0.719634  1001.8921     4.3533  736456350     14.133    74.9695 2.1856e+00    8.74329   34.13864  -77.94516  0.000e+00
       5758     11.600    20.6895   0.717592  1001.8809     4.3402  736456353     14.042    75.0916 2.1734e+00    8.74419   34.13870  -77.94522  0.000e+00
       5759     11.600    20.6854   0.714327  1001.8631     4.3195  736456356     14.011    75.0916 2.1734e+00    8.74594   34.13874  -77.94530  0.000e+00
       5760     11.600    20.6827   0.712593  1001.8537     4.3085  736456359     14.011    75.0916 2.1612e+00    8.74696   34.13880  -77.94536  0.000e+00
       5761     11.600    20.6787   0.710449  1001.8422     4.2950  736456362     13.980    75.2137 2.1734e+00    8.74834   34.13884  -77.94542  0.000e+00
       5762     11.600    20.6733   0.707491  1001.8262     4.2764  736456365     14.042    75.0916 2.1490e+00    8.75021   34.13890  -77.94550  0.000e+00
       5763     11.600    20.6679   0.702287  1001.7978     4.2433  736456368     14.072    75.2137 2.1490e+00    8.75282   34.13894  -77.94556  0.000e+00
       5764     11.600    20.6619   0.697899  1001.7740     4.2155  736456371     14.072    75.2137 2.1368e+00    8.75528   34.13900  -77.94562  0.000e+00
       5765     11.600    20.6565   0.695655  1001.7620     4.2015  736456374     14.072    75.2137 2.1490e+00    8.75691   34.13906  -77.94568  0.000e+00
       5766     11.600    20.6505   0.690450  1001.7337     4.1684  736456377     14.103    75.3358 2.1368e+00    8.75964   34.13912  -77.94574  0.000e+00
       5767     11.600    20.6472   0.687390  1001.7170     4.1490  736456380     14.164    75.3358 2.1490e+00    8.76121   34.13916  -77.94580  0.000e+00
       5768     11.600    20.6418   0.684023  1001.6988     4.1277  736456383     14.225    75.3358 2.1123e+00    8.76322   34.13922  -77.94586  0.000e+00
       5769     11.600    20.6384   0.680858  1001.6816     4.1076  736456386     14.347    75.3358 2.1123e+00    8.76482   34.13928  -77.94592  0.000e+00
       5770     11.600    20.6377   0.679532  1001.6743     4.0991  736456389     14.347    75.3358 2.1245e+00    8.76538   34.13934  -77.94598  0.000e+00
       5771     11.600    20.6371   0.678614  1001.6693     4.0933  736456392     14.652    75.2137 2.1490e+00    8.76579   34.13940  -77.94604  0.000e+00
       5772     11.600    20.6384   0.678512  1001.6686     4.0925  736456395     14.744    75.0916 2.1490e+00    8.76560   34.13946  -77.94610  0.000e+00
       5773     11.600    20.6411   0.681164  1001.6831     4.1093  736456398     14.896    75.0916 2.1490e+00    8.76427   34.13952  -77.94616  0.000e+00
       5774     11.600    20.6451   0.684941  1001.7036     4.1333  736456401     14.866    74.9695 2.1734e+00    8.76236   34.13958  -77.94620  0.000e+00
       5775     11.600    20.6512   0.689940  1001.7308     4.1651  736456404     15.110    74.8474 2.1978e+00    8.75969   34.13964  -77.94628  0.000e+00
       5776     11.600    20.6606   0.693512  1001.7498     4.1872  736456407     15.079    74.7253 2.1978e+00    8.75696   34.13970  -77.94634  0.000e+00
       5777     11.600    20.6706   0.696879  1001.7676     4.2080  736456410     15.171    74.7253 2.1978e+00    8.75417   34.13976  -77.94640  0.000e+00
       5778     11.500    20.6767   0.701471  1001.7925     4.2371  736456413     15.263    74.6032 2.2100e+00    8.75165   34.13982  -77.94646  0.000e+00
       5779     11.500    20.6834   0.707389  1001.8248     4.2748  736456416     15.324    74.6032 2.2100e+00    8.74858   34.13986  -77.94652  0.000e+00
       5780     11.500    20.6895   0.710042  1001.8390     4.2913  736456419     15.324    74.6032 2.2100e+00    8.74669   34.13992  -77.94660  0.000e+00
