data/sbe21-RVCF/050523.cnv
* Sea-Bird SBE 21 Data File:
* FileName = C:\Users\wellsd\Desktop\SBE21 Files\050523\050523.hex
* Software Version Seasave V 7.26.7.121
* Temperature SN = 3229
* Conductivity SN = 3229
* System UpLoad Time = May 05 2023 08:26:31
* NMEA Latitude = 34 08.39 N
* NMEA Longitude = 077 51.74 W
* NMEA UTC (Time) = May 05 2023  12:26:22
** Ship:
** Station:
** Operator:
# nquan = 14
# nvalues = 7359                                  
# units = specified
# name 0 = scan: Scan Count
# name 1 = dNMEA: Depth, NMEA [salt water, m]
# name 2 = t090C: Temperature [ITS-90, deg C]
# name 3 = c0S/m: Conductivity [S/m]
# name 4 = density00: Density [density, kg/m^3]
# name 5 = sal00: Salinity, Practical [PSU]
# name 6 = timeQ: Time, NMEA [seconds]
# name 7 = seaTurbMtr: Turbidity, Seapoint [FTU]
# name 8 = flSPuv0: Fluorescence, Seapoint Ultraviolet
# name 9 = flSP: Fluorescence, Seapoint
# name 10 = oxsolMg/L: Oxygen Saturation, Garcia & Gordon [mg/l]
# name 11 = latitude: Latitude [deg]
# name 12 = longitude: Longitude [deg]
# name 13 = flag:  0.000e+00
# span 0 =          1,       7359                 
# span 1 =      1.300,     15.300                 
# span 2 =    19.3350,    20.8208                 
# span 3 =   4.362778,   4.829898                 
# span 4 =  1024.5934,  1027.9077                 
# span 5 =    31.1058,    35.0221                 
# span 6 =  736604784,  736626859                 
# span 7 =      2.564,     18.712                 
# span 8 =     3.7851,    15.5067                 
# span 9 = 2.9304e-01, 2.8694e+00                 
# span 10 =    7.34470,    7.58117                
# span 11 =   34.13930,   34.19712                
# span 12 =  -77.86234,  -77.74970                
# span 13 = 0.0000e+00, 0.0000e+00                
# interval = seconds: 3
# start_time = May 05 2023 12:26:24 [NMEA time, first data scan]
# bad_flag = -9.990e-29
*END*
[from data line 2168]
       2169     13.300    19.9474   4.787093  1027.8934    35.0052  736611289      2.961     4.0293 4.0293e-01    7.40228   34.18776  -77.77494  0.000e+00
       2170     13.300    19.9480   4.787093  1027.8929    35.0047  736611292      2.930     4.0293 4.0293e-01    7.40222   34.18780  -77.77490  0.000e+00
       2171     13.300    19.9494   4.787196  1027.8927    35.0044  736611295      2.930     4.0293 4.0293e-01    7.40204   34.18782  -77.77486  0.000e+00
       2172     13.300    19.9494   4.787196  1027.8927    35.0044  736611298      2.930     4.0293 4.0293e-01    7.40204   34.18786  -77.77482  0.000e+00
       2173     13.300    19.9494   4.787196  1027.8927    35.0044  736611301      2.900     4.0293 4.0293e-01    7.40204   34.18788  -77.77478  0.000e+00
       2174     13.300    19.9494   4.787196  1027.8927    35.0044  736611304      2.961     4.0293 4.0293e-01    7.40204   34.18792  -77.77476  0.000e+00
       2175     13.300    19.9487   4.787196  1027.8931    35.0049  736611307      2.900     4.0293 4.0293e-01    7.40211   34.18794  -77.77474  0.000e+00
       2176     13.500    19.9494   4.787196  1027.8927    35.0044  736611310      2.930     4.0293 3.9072e-01    7.40204   34.18798  -77.77470  0.000e+00
       2177     13.300    19.9494   4.787196  1027.8927    35.0044  736611313      2.930     4.0293 3.9072e-01    7.40204   34.18800  -77.77466  0.000e+00
       2178     13.300    19.9487   4.787093  1027.8924    35.0041  736611316      2.930     4.0293 4.0293e-01    7.40215   34.18804  -77.77460  0.000e+00
       2179     13.500    19.9480   4.787093  1027.8929    35.0047  736611319      2.930     4.0293 3.9072e-01    7.40222   34.18810  -77.77456  0.000e+00
       2180     13.500    19.9480   4.787093  1027.8929    35.0047  736611322      2.930     4.0293 3.9072e-01    7.40222   34.18814  -77.77450  0.000e+00
       2181     13.100    19.9487   4.787093  1027.8924    35.0041  736611325      2.900     4.0293 3.9072e-01    7.40215   34.18820  -77.77444  0.000e+00
       2182     13.300    19.9494   4.787093  1027.8919    35.0035  736611328      2.930     4.0293 4.0293e-01    7.40208   34.18824  -77.77438  0.000e+00
       2183     13.300    19.9494   4.787093  1027.8919    35.0035  736611331      2.930     4.0293 4.0293e-01    7.40208   34.18830  -77.77432  0.000e+00
       2184     13.300    19.9494   4.787093  1027.8919    35.0035  736611334      2.930     4.0293 3.9072e-01    7.40208   34.18836  -77.77426  0.000e+00
       2185     13.300    19.9467   4.786990  1027.8931    35.0050  736611337      2.930     4.0293 4.0293e-01    7.40239   34.18842  -77.77422  0.000e+00
       2186     13.300    19.9439   4.786682  1027.8929    35.0047  736611340      2.930     4.0293 4.0293e-01    7.40277   34.18848  -77.77416  0.000e+00
       2187     13.300    19.9419   4.786476  1027.8929    35.0047  736611343      2.930     4.0293 4.0293e-01    7.40304   34.18854  -77.77410  0.000e+00
       2188     13.600    19.9406   4.786373  1027.8932    35.0050  736611346      3.022     4.0293 4.0293e-01    7.40321   34.18860  -77.77404  0.000e+00
       2189     13.300    19.9406   4.786270  1027.8924    35.0041  736611349      2.930     4.0293 4.0293e-01    7.40325   34.18868  -77.77400  0.000e+00
       2190     13.300    19.9419   4.786270  1027.8915    35.0030  736611352      2.900     4.0293 3.9072e-01    7.40312   34.18874  -77.77394  0.000e+00
       2191     13.300    19.9433   4.786373  1027.8912    35.0027  736611355      2.900     4.0293 3.9072e-01    7.40294   34.18880  -77.77388  0.000e+00
       2192     13.300    19.9460   4.786476  1027.8900    35.0013  736611358      2.900     4.0293 3.9072e-01    7.40264   34.18886  -77.77384  0.000e+00
       2193     13.300    19.9460   4.786476  1027.8900    35.0013  736611361      2.930     4.0293 3.9072e-01    7.40264   34.18894  -77.77380  0.000e+00
       2194     13.300    19.9460   4.786476  1027.8900    35.0013  736611364      2.900     4.0293 3.9072e-01    7.40264   34.18900  -77.77376  0.000e+00
       2195     13.300    19.9433   4.786373  1027.8912    35.0027  736611367      2.900     4.0293 3.9072e-01    7.40294   34.18906  -77.77370  0.000e+00
       2196     13.100    19.9419   4.786168  1027.8908    35.0021  736611370      2.930     4.0293 3.9072e-01    7.40315   34.18914  -77.77366  0.000e+00
       2197     13.100    19.9399   4.785958  1027.8908    35.0021  736611373      2.900     4.0293 3.9072e-01    7.40343   34.18920  -77.77362  0.000e+00
       2198     13.300    19.9385   4.785752  1027.8903    35.0016  736611376      2.900     4.0293 3.9072e-01    7.40364   34.18926  -77.77358  0.000e+00
       2199     13.100    19.9372   4.785650  1027.8906    35.0019  736611379      2.900     4.0293 3.7851e-01    7.40381   34.18934  -77.77354  0.000e+00
       2200     13.100    19.9358   4.785444  1027.8900    35.0013  736611382      2.900     4.0293 3.9072e-01    7.40402   34.18940  -77.77350  0.000e+00
       2201     13.100    19.9345   4.785239  1027.8896    35.0007  736611385      2.930     4.0293 3.7851e-01    7.40423   34.18946  -77.77346  0.000e+00
       2202     13.100    19.9331   4.784827  1027.8877    34.9985  736611388      2.869     4.0293 3.9072e-01    7.40451   34.18954  -77.77342  0.000e+00
       2203     13.100    19.9324   4.784827  1027.8882    34.9991  736611391      2.900     4.0293 3.9072e-01    7.40458   34.18960  -77.77338  0.000e+00
       2204     13.100    19.9324   4.784725  1027.8875    34.9982  736611394      2.900     4.0293 3.7851e-01    7.40462   34.18966  -77.77334  0.000e+00
       2205     13.000    19.9324   4.784725  1027.8875    34.9982  736611397      2.900     4.0293 3.9072e-01    7.40462   34.18974  -77.77328  0.000e+00
       2206     13.000    19.9331   4.784622  1027.8863    34.9968  736611400      2.900     4.0293 4.0293e-01    7.40458   34.18980  -77.77324  0.000e+00
       2207     12.800    19.9331   4.784622  1027.8863    34.9968  736611403      2.900     4.1514 3.9072e-01    7.40458   34.18986  -77.77320  0.000e+00
       2208     12.800    19.9318   4.784519  1027.8865    34.9971  736611406      2.900     4.1514 3.9072e-01    7.40475   34.18992  -77.77314  0.000e+00
       2209     12.800    19.9318   4.784519  1027.8865    34.9971  736611409      2.930     4.0293 3.9072e-01    7.40475   34.19000  -77.77310  0.000e+00
       2210     12.800    19.9318   4.784416  1027.8858    34.9962  736611412      2.930     4.0293 3.9072e-01    7.40479   34.19006  -77.77306  0.000e+00
       2211     12.800    19.9324   4.784519  1027.8860    34.9965  736611415      2.930     4.0293 3.9072e-01    7.40469   34.19012  -77.77302  0.000e+00
       2212     12.800    19.9338   4.784519  1027.8851    34.9954  736611418      2.930     4.0293 3.9072e-01    7.40455   34.19020  -77.77296  0.000e+00
       2213     12.600    19.9351   4.784725  1027.8855    34.9960  736611421      3.053     4.0293 3.9072e-01    7.40435   34.19026  -77.77292  0.000e+00
       2214     12.600    19.9365   4.784725  1027.8846    34.9948  736611424      2.961     4.0293 3.9072e-01    7.40421   34.19032  -77.77288  0.000e+00
       2215     12.600    19.9379   4.784827  1027.8843    34.9945  736611427      2.930     4.0293 3.9072e-01    7.40404   34.19040  -77.77284  0.000e+00
       2216     12.600    19.9379   4.784827  1027.8843    34.9945  736611430      2.930     4.0293 3.7851e-01    7.40404   34.19046  -77.77278  0.000e+00
       2217     12.500    19.9392   4.784930  1027.8841    34.9943  736611433      2.961     4.0293 3.9072e-01    7.40387   34.19052  -77.77274  0.000e+00
       2218     12.600    19.9385   4.784930  1027.8846    34.9948  736611436      2.930     4.0293 3.9072e-01    7.40394   34.19060  -77.77270  0.000e+00
       2219     12.500    19.9365   4.784930  1027.8860    34.9965  736611439      2.961     4.0293 3.9072e-01    7.40414   34.19066  -77.77266  0.000e+00
       2220     12.600    19.9358   4.784622  1027.8843    34.9945  736611442      2.961     4.0293 3.9072e-01    7.40431   34.19072  -77.77260  0.000e+00
       2221     12.600    19.9324   4.784622  1027.8867    34.9974  736611445      2.991     4.0293 3.9072e-01    7.40465   34.19078  -77.77256  0.000e+00
       2222     12.600    19.9318   4.784416  1027.8858    34.9962  736611448      2.991     4.0293 3.9072e-01    7.40479   34.19084  -77.77252  0.000e+00
       2223     12.600    19.9318   4.784416  1027.8858    34.9962  736611451      3.053     4.0293 3.9072e-01    7.40479   34.19092  -77.77248  0.000e+00
       2224     12.600    19.9311   4.784416  1027.8863    34.9968  736611454      3.022     4.0293 3.9072e-01    7.40486   34.19098  -77.77244  0.000e+00
       2225     12.800    19.9318   4.784416  1027.8858    34.9962  736611457      3.053     4.0293 4.1514e-01    7.40479   34.19104  -77.77240  0.000e+00
       2226     12.600    19.9324   4.784416  1027.8853    34.9957  736611460      3.053     4.0293 3.9072e-01    7.40473   34.19112  -77.77234  0.000e+00
       2227     12.600    19.9318   4.784313  1027.8851    34.9954  736611463      3.053     4.0293 3.9072e-01    7.40483   34.19118  -77.77230  0.000e+00
       2228     13.000    19.9304   4.784211  1027.8853    34.9957  736611466      3.114     4.0293 3.9072e-01    7.40500   34.19124  -77.77226  0.000e+00
       2229     13.000    19.9304   4.784211  1027.8853    34.9957  736611469      3.083     4.0293 4.0293e-01    7.40500   34.19132  -77.77222  0.000e+00
       2230     12.800    19.9290   4.784211  1027.8863    34.9968  736611472      3.114     4.1514 4.0293e-01    7.40513   34.19138  -77.77218  0.000e+00
       2231     12.800    19.9283   4.784108  1027.8861    34.9966  736611475      3.114     4.0293 3.9072e-01    7.40524   34.19144  -77.77214  0.000e+00
       2232     13.000    19.9263   4.783902  1027.8860    34.9966  736611478      3.083     4.0293 4.0293e-01    7.40552   34.19152  -77.77210  0.000e+00
       2233     13.000    19.9236   4.783594  1027.8858    34.9963  736611481      3.053     4.0293 4.1514e-01    7.40590   34.19158  -77.77206  0.000e+00
       2234     12.800    19.9230   4.783491  1027.8856    34.9960  736611484      3.053     4.0293 4.0293e-01    7.40600   34.19166  -77.77202  0.000e+00
       2235     13.000    19.9230   4.783389  1027.8849    34.9952  736611487      3.022     4.1514 4.0293e-01    7.40603   34.19172  -77.77198  0.000e+00
       2236     12.800    19.9230   4.783389  1027.8849    34.9952  736611490      2.961     4.0293 3.9072e-01    7.40603   34.19178  -77.77194  0.000e+00
       2237     12.800    19.9230   4.783183  1027.8834    34.9935  736611493      2.930     4.0293 3.9072e-01    7.40611   34.19186  -77.77188  0.000e+00
       2238     12.800    19.9230   4.783183  1027.8834    34.9935  736611496      2.900     4.0293 3.7851e-01    7.40611   34.19192  -77.77184  0.000e+00
       2239     12.800    19.9223   4.783183  1027.8839    34.9941  736611499      2.900     4.0293 3.7851e-01    7.40618   34.19200  -77.77180  0.000e+00
       2240     13.000    19.9209   4.782871  1027.8827    34.9926  736611502      2.869     4.1514 3.7851e-01    7.40643   34.19206  -77.77176  0.000e+00
       2241     13.100    19.9195   4.782768  1027.8830    34.9929  736611505      2.869     4.0293 3.9072e-01    7.40660   34.19214  -77.77172  0.000e+00
       2242     13.100    19.9175   4.782460  1027.8822    34.9921  736611508      2.869     4.0293 3.7851e-01    7.40691   34.19220  -77.77168  0.000e+00
       2243     13.100    19.9175   4.782357  1027.8815    34.9912  736611511      2.869     4.0293 3.7851e-01    7.40695   34.19226  -77.77164  0.000e+00
       2244     13.300    19.9182   4.782254  1027.8804    34.9898  736611514      2.869     4.0293 3.9072e-01    7.40692   34.19234  -77.77160  0.000e+00
       2245     13.100    19.9189   4.782254  1027.8799    34.9892  736611517      2.869     4.0293 3.7851e-01    7.40685   34.19240  -77.77154  0.000e+00
       2246     13.300    19.9195   4.782254  1027.8794    34.9887  736611520      2.839     4.0293 3.7851e-01    7.40678   34.19246  -77.77150  0.000e+00
       2247     13.300    19.9195   4.782254  1027.8794    34.9887  736611523      2.839     4.0293 3.7851e-01    7.40678   34.19252  -77.77146  0.000e+00
       2248     13.500    19.9202   4.782151  1027.8782    34.9873  736611526      2.839     4.0293 3.7851e-01    7.40675   34.19258  -77.77142  0.000e+00
       2249     13.500    19.9209   4.782151  1027.8777    34.9867  736611529      2.808     4.0293 3.7851e-01    7.40669   34.19264  -77.77136  0.000e+00
       2250     13.300    19.9223   4.782254  1027.8775    34.9864  736611532      2.839     4.0293 3.7851e-01    7.40651   34.19272  -77.77130  0.000e+00
       2251     13.800    19.9230   4.782357  1027.8777    34.9867  736611535      2.808     4.0293 3.7851e-01    7.40641   34.19278  -77.77126  0.000e+00
       2252     13.600    19.9230   4.782357  1027.8777    34.9867  736611538      2.808     4.0293 3.7851e-01    7.40641   34.19284  -77.77120  0.000e+00
       2253     13.800    19.9223   4.782254  1027.8775    34.9864  736611541      2.808     4.0293 3.7851e-01    7.40651   34.19290  -77.77116  0.000e+00
       2254     13.800    19.9209   4.782151  1027.8777    34.9867  736611544      2.839     4.1514 3.7851e-01    7.40669   34.19298  -77.77110  0.000e+00
       2255     13.800    19.9189   4.781946  1027.8777    34.9867  736611547      2.869     4.0293 3.9072e-01    7.40696   34.19304  -77.77106  0.000e+00
       2256     13.800    19.9168   4.781740  1027.8777    34.9867  736611550      2.839     4.0293 3.9072e-01    7.40724   34.19310  -77.77102  0.000e+00
       2257     14.000    19.9162   4.781740  1027.8782    34.9873  736611553      2.839     4.0293 3.7851e-01    7.40730   34.19316  -77.77096  0.000e+00
       2258     14.100    19.9168   4.781638  1027.8770    34.9859  736611556      2.808     4.0293 3.7851e-01    7.40728   34.19322  -77.77092  0.000e+00
       2259     14.000    19.9168   4.781638  1027.8770    34.9859  736611559      2.808     4.0293 3.7851e-01    7.40728   34.19328  -77.77086  0.000e+00
       2260     14.000    19.9175   4.781638  1027.8765    34.9853  736611562      2.808     4.0293 3.7851e-01    7.40721   34.19334  -77.77082  0.000e+00
       2261     14.100    19.9175   4.781638  1027.8765    34.9853  736611565      2.808     4.0293 3.7851e-01    7.40721   34.19340  -77.77076  0.000e+00
       2262     14.300    19.9168   4.781535  1027.8763    34.9851  736611568      2.808     4.0293 3.6630e-01    7.40731   34.19346  -77.77072  0.000e+00
       2263     14.300    19.9107   4.781124  1027.8778    34.9868  736611571      2.808     4.0293 3.7851e-01    7.40806   34.19352  -77.77066  0.000e+00
       2264     14.100    19.9101   4.780919  1027.8768    34.9856  736611574      2.808     4.0293 3.9072e-01    7.40820   34.19358  -77.77060  0.000e+00
       2265     14.600    19.9107   4.780919  1027.8763    34.9851  736611577      2.808     4.0293 3.7851e-01    7.40814   34.19364  -77.77054  0.000e+00
       2266     14.500    19.9121   4.780919  1027.8754    34.9839  736611580      2.900     4.0293 3.7851e-01    7.40800   34.19370  -77.77048  0.000e+00
       2267     14.300    19.9127   4.781021  1027.8756    34.9842  736611583      2.991     4.0293 3.7851e-01    7.40790   34.19376  -77.77042  0.000e+00
       2268     14.500    19.9134   4.780918  1027.8744    34.9828  736611586      2.930     4.0293 3.7851e-01    7.40787   34.19382  -77.77036  0.000e+00
       2269     14.600    19.9127   4.780918  1027.8749    34.9834  736611589      2.839     4.0293 3.7851e-01    7.40794   34.19388  -77.77030  0.000e+00
       2270     14.600    19.9127   4.780816  1027.8742    34.9826  736611592      2.839     4.0293 3.7851e-01    7.40798   34.19392  -77.77024  0.000e+00
