data/sbe21-RVCF/050523.cnv
* Sea-Bird SBE 21 Data File:
* FileName = C:\Users\wellsd\Desktop\SBE21 Files\050523\050523.hex
* Software Version Seasave V 7.26.7.121
* Temperature SN = 3229
* Conductivity SN = 3229
* System UpLoad Time = May 05 2023 08:26:31
* NMEA Latitude = 34 08.39 N
* NMEA Longitude = 077 51.74 W
* NMEA UTC (Time) = May 05 2023  12:26:22
** Ship:
** Station:
** Operator:
# nquan = 14
# nvalues = 7359                                  
# units = specified
# name 0 = scan: Scan Count
# name 1 = dNMEA: Depth, NMEA [salt water, m]
# name 2 = t090C: Temperature [ITS-90, deg C]
# name 3 = c0S/m: Conductivity [S/m]
# name 4 = density00: Density [density, kg/m^3]
# name 5 = sal00: Salinity, Practical [PSU]
# name 6 = timeQ: Time, NMEA [seconds]
# name 7 = seaTurbMtr: Turbidity, Seapoint [FTU]
# name 8 = flSPuv0: Fluorescence, Seapoint Ultraviolet
# name 9 = flSP: Fluorescence, Seapoint
# name 10 = oxsolMg/L: Oxygen Saturation, Garcia & Gordon [mg/l]
# name 11 = latitude: Latitude [deg]
# name 12 = longitude: Longitude [deg]
# name 13 = flag:  0.000e+00
# span 0 =          1,       7359                 
# span 1 =      1.300,     15.300                 
# span 2 =    19.3350,    20.8208                 
# span 3 =   4.362778,   4.829898                 
# span 4 =  1024.5934,  1027.9077                 
# span 5 =    31.1058,    35.0221                 
# span 6 =  736604784,  736626859                 
# span 7 =      2.564,     18.712                 
# span 8 =     3.7851,    15.5067                 
# span 9 = 2.9304e-01, 2.8694e+00                 
# span 10 =    7.34470,    7.58117                
# span 11 =   34.13930,   34.19712                
# span 12 =  -77.86234,  -77.74970                
# span 13 = 0.0000e+00, 0.0000e+00                
# interval = seconds: 3
# start_time = May 05 2023 12:26:24 [NMEA time, first data scan]
# bad_flag = -9.990e-29
*END*
[from data line 7226]
       7227      3.500    20.3780   4.507870  1025.6830    32.3934  736626463     10.958    12.0879 2.1978e+00    7.45836   34.19190  -77.82474  0.000e+00
       7228      3.200    20.3929   4.508385  1025.6769    32.3862  736626466     11.111    12.0879 2.1856e+00    7.45665   34.19194  -77.82488  0.000e+00
       7229      3.000    20.3949   4.509619  1025.6840    32.3946  736626469     10.958    12.0879 2.1856e+00    7.45601   34.19196  -77.82500  0.000e+00
       7230      2.900    20.4077   4.510645  1025.6827    32.3930  736626472     11.081    12.0879 2.1978e+00    7.45433   34.19200  -77.82514  0.000e+00
       7231      2.700    20.4191   4.510645  1025.6753    32.3843  736626475     11.142    12.0879 2.2344e+00    7.45315   34.19204  -77.82528  0.000e+00
       7232      2.700    20.4279   4.510853  1025.6710    32.3792  736626478     11.081    12.2100 2.2222e+00    7.45218   34.19206  -77.82542  0.000e+00
       7233      2.500    20.4407   4.510337  1025.6593    32.3653  736626481     11.050    12.2100 2.2100e+00    7.45104   34.19208  -77.82556  0.000e+00
       7234      2.500    20.4535   4.509926  1025.6482    32.3523  736626484     11.081    12.0879 2.2466e+00    7.44987   34.19210  -77.82570  0.000e+00
       7235      2.500    20.4609   4.510337  1025.6462    32.3499  736626487     11.142    12.0879 2.2344e+00    7.44896   34.19208  -77.82582  0.000e+00
       7236      2.700    20.4838   4.514760  1025.6614    32.3679  736626490     11.325    12.0879 2.2344e+00    7.44506   34.19206  -77.82596  0.000e+00
       7237      2.700    20.4966   4.517023  1025.6685    32.3763  736626493     11.447    11.9658 2.2955e+00    7.44295   34.19202  -77.82608  0.000e+00
       7238      2.900    20.5040   4.521545  1025.6944    32.4069  736626496     11.630    11.8437 2.3077e+00    7.44060   34.19196  -77.82618  0.000e+00
       7239      2.500    20.5195   4.526174  1025.7158    32.4322  736626499     11.813    11.8437 2.3321e+00    7.43739   34.19190  -77.82628  0.000e+00
       7240      2.400    20.5369   4.530389  1025.7331    32.4526  736626502     11.813    11.8437 2.3199e+00    7.43412   34.19182  -77.82640  0.000e+00
       7241      2.000    20.5430   4.530597  1025.7306    32.4496  736626505     11.874    11.9658 2.3321e+00    7.43343   34.19176  -77.82650  0.000e+00
       7242      1.800    20.5477   4.529364  1025.7192    32.4361  736626508     11.691    12.0879 2.3321e+00    7.43337   34.19168  -77.82660  0.000e+00
       7243      1.600    20.5491   4.527406  1025.7050    32.4194  736626511     11.752    12.0879 2.3565e+00    7.43392   34.19162  -77.82668  0.000e+00
       7244      1.300    20.5518   4.525349  1025.6893    32.4009  736626514     11.905    12.0879 2.3810e+00    7.43437   34.19154  -77.82678  0.000e+00
       7245      1.800    20.5531   4.524629  1025.6836    32.3941  736626517     11.996    12.0879 2.3443e+00    7.43449   34.19146  -77.82686  0.000e+00
       7246      2.000    20.5565   4.524425  1025.6800    32.3899  736626520     12.210    12.0879 2.3810e+00    7.43421   34.19136  -77.82694  0.000e+00
       7247      2.200    20.5618   4.524733  1025.6786    32.3882  736626523     12.149    12.2100 2.3932e+00    7.43355   34.19128  -77.82704  0.000e+00
       7248      2.400    20.5645   4.523397  1025.6678    32.3755  736626526     12.241    12.2100 2.4420e+00    7.43374   34.19118  -77.82712  0.000e+00
       7249      3.000    20.5638   4.520413  1025.6481    32.3521  736626529     12.179    12.3321 2.4176e+00    7.43486   34.19110  -77.82722  0.000e+00
       7250      3.200    20.5611   4.516710  1025.6247    32.3245  736626532     12.332    12.4542 2.4542e+00    7.43644   34.19100  -77.82730  0.000e+00
       7251      3.700    20.5591   4.513113  1025.6017    32.2973  736626535     12.363    12.5763 2.4420e+00    7.43790   34.19090  -77.82738  0.000e+00
       7252      3.900    20.5591   4.510539  1025.5842    32.2767  736626538     12.546    12.6984 2.4298e+00    7.43881   34.19080  -77.82748  0.000e+00
       7253      4.000    20.5591   4.507971  1025.5668    32.2561  736626541     12.485    12.4542 2.4420e+00    7.43971   34.19070  -77.82756  0.000e+00
       7254      4.400    20.5591   4.506425  1025.5564    32.2438  736626544     12.454    12.5763 2.4542e+00    7.44025   34.19060  -77.82766  0.000e+00
       7255      4.300    20.5584   4.504369  1025.5429    32.2278  736626547     12.485    12.6984 2.4176e+00    7.44104   34.19050  -77.82774  0.000e+00
       7256      4.500    20.5571   4.501902  1025.5271    32.2091  736626550     12.515    12.6984 2.4298e+00    7.44205   34.19040  -77.82782  0.000e+00
       7257      4.800    20.5538   4.499124  1025.5104    32.1894  736626553     12.576    12.6984 2.4176e+00    7.44336   34.19030  -77.82790  0.000e+00
       7258      4.800    20.5504   4.497584  1025.5021    32.1796  736626556     12.698    12.8205 2.4420e+00    7.44425   34.19020  -77.82798  0.000e+00
       7259      4.600    20.5477   4.495937  1025.4927    32.1685  736626559     12.637    12.8205 2.4664e+00    7.44510   34.19010  -77.82806  0.000e+00
       7260      4.800    20.5443   4.492439  1025.4712    32.1431  736626562     12.729    12.8205 2.4420e+00    7.44668   34.19000  -77.82814  0.000e+00
       7261      4.600    20.5376   4.489457  1025.4553    32.1243  736626565     12.607    12.9426 2.4664e+00    7.44842   34.18990  -77.82822  0.000e+00
       7262      4.600    20.5342   4.485651  1025.4317    32.0964  736626568     12.393    13.0647 2.4664e+00    7.45010   34.18980  -77.82830  0.000e+00
       7263      4.500    20.5255   4.482875  1025.4185    32.0808  736626571     12.546    13.1868 2.4786e+00    7.45198   34.18970  -77.82838  0.000e+00
       7264      4.500    20.5215   4.480099  1025.4023    32.0617  736626574     12.607    13.1868 2.4542e+00    7.45337   34.18962  -77.82846  0.000e+00
       7265      4.500    20.5181   4.476297  1025.3787    32.0338  736626577     12.515    13.1868 2.4542e+00    7.45505   34.18952  -77.82852  0.000e+00
       7266      4.500    20.5174   4.473622  1025.3610    32.0129  736626580     12.546    13.3089 2.4664e+00    7.45606   34.18942  -77.82860  0.000e+00
       7267      4.500    20.5168   4.470948  1025.3433    31.9920  736626583     12.576    13.3089 2.4664e+00    7.45707   34.18930  -77.82866  0.000e+00
       7268      4.500    20.5174   4.469198  1025.3311    31.9775  736626586     12.637    13.3089 2.4908e+00    7.45762   34.18922  -77.82874  0.000e+00
       7269      4.300    20.5195   4.468172  1025.3228    31.9678  736626589     12.637    13.3089 2.4908e+00    7.45777   34.18912  -77.82882  0.000e+00
       7270      4.000    20.5269   4.467655  1025.3146    31.9581  736626592     12.668    13.3089 2.5275e+00    7.45719   34.18904  -77.82888  0.000e+00
       7271      3.500    20.5349   4.467552  1025.3088    31.9511  736626595     12.698    13.3089 2.4908e+00    7.45639   34.18894  -77.82894  0.000e+00
       7272      3.200    20.5531   4.467655  1025.2979    31.9383  736626598     12.698    13.3089 2.4542e+00    7.45448   34.18886  -77.82902  0.000e+00
       7273      3.000    20.5611   4.468271  1025.2969    31.9372  736626601     12.759    13.3089 2.4542e+00    7.45343   34.18876  -77.82908  0.000e+00
       7274      3.000    20.5746   4.468581  1025.2905    31.9295  736626604     12.759    13.3089 2.4298e+00    7.45193   34.18868  -77.82914  0.000e+00
       7275      2.900    20.5887   4.469094  1025.2850    31.9230  736626607     12.882    13.3089 2.4664e+00    7.45029   34.18858  -77.82920  0.000e+00
       7276      3.000    20.5981   4.469611  1025.2825    31.9201  736626610     12.851    13.4310 2.4298e+00    7.44914   34.18850  -77.82926  0.000e+00
       7277      3.500    20.6089   4.469814  1025.2770    31.9136  736626613     12.790    13.4310 2.4176e+00    7.44796   34.18840  -77.82932  0.000e+00
       7278      3.700    20.6190   4.469813  1025.2706    31.9060  736626616     12.912    13.4310 2.4176e+00    7.44692   34.18832  -77.82938  0.000e+00
       7279      4.000    20.6270   4.469300  1025.2620    31.8959  736626619     13.034    13.4310 2.4176e+00    7.44627   34.18824  -77.82944  0.000e+00
       7280      4.000    20.6317   4.468787  1025.2556    31.8883  736626622     12.882    13.4310 2.4176e+00    7.44596   34.18816  -77.82952  0.000e+00
       7281      3.700    20.6324   4.468270  1025.2517    31.8837  736626625     12.973    13.4310 2.4420e+00    7.44608   34.18806  -77.82958  0.000e+00
       7282      3.500    20.6297   4.467037  1025.2451    31.8759  736626628     12.912    13.5531 2.4542e+00    7.44679   34.18798  -77.82966  0.000e+00
       7283      3.500    20.6230   4.465085  1025.2361    31.8653  736626631     12.973    13.5531 2.4176e+00    7.44816   34.18790  -77.82972  0.000e+00
       7284      3.500    20.6169   4.463646  1025.2303    31.8584  736626634     12.912    13.5531 2.4176e+00    7.44929   34.18782  -77.82980  0.000e+00
       7285      3.700    20.6116   4.462720  1025.2274    31.8550  736626637     12.943    13.5531 2.4298e+00    7.45017   34.18772  -77.82986  0.000e+00
       7286      3.700    20.6041   4.460455  1025.2168    31.8425  736626640     13.004    13.6752 2.4298e+00    7.45173   34.18764  -77.82994  0.000e+00
       7287      3.700    20.5968   4.458913  1025.2111    31.8357  736626643     12.912    13.6752 2.4420e+00    7.45303   34.18754  -77.83000  0.000e+00
       7288      3.700    20.5948   4.457885  1025.2054    31.8290  736626646     13.065    13.5531 2.4908e+00    7.45360   34.18746  -77.83006  0.000e+00
       7289      3.700    20.5901   4.455934  1025.1952    31.8169  736626649     13.004    13.6752 2.5641e+00    7.45476   34.18736  -77.83012  0.000e+00
       7290      3.500    20.5880   4.454596  1025.1875    31.8078  736626652     13.156    13.6752 2.5519e+00    7.45544   34.18728  -77.83020  0.000e+00
       7291      3.500    20.5833   4.453258  1025.1814    31.8006  736626655     13.065    13.6752 2.5397e+00    7.45640   34.18718  -77.83026  0.000e+00
       7292      3.700    20.5833   4.451924  1025.1724    31.7900  736626658     12.973    13.7973 2.5885e+00    7.45687   34.18710  -77.83032  0.000e+00
       7293      3.200    20.5847   4.450995  1025.1653    31.7816  736626661     12.943    13.7973 2.5641e+00    7.45705   34.18700  -77.83038  0.000e+00
       7294      3.500    20.5901   4.450173  1025.1563    31.7710  736626664     13.095    13.7973 2.5153e+00    7.45678   34.18692  -77.83046  0.000e+00
       7295      3.500    20.5954   4.449558  1025.1488    31.7621  736626667     13.004    13.7973 2.5153e+00    7.45645   34.18684  -77.83052  0.000e+00
       7296      3.500    20.6015   4.448732  1025.1394    31.7509  736626670     13.004    13.7973 2.5397e+00    7.45611   34.18676  -77.83058  0.000e+00
       7297      3.400    20.6116   4.448427  1025.1309    31.7410  736626673     13.065    13.7973 2.4908e+00    7.45517   34.18668  -77.83066  0.000e+00
       7298      3.700    20.6163   4.448014  1025.1252    31.7342  736626676     13.187    13.7973 2.5153e+00    7.45483   34.18660  -77.83072  0.000e+00
       7299      3.000    20.6183   4.447601  1025.1211    31.7294  736626679     13.278    13.7973 2.5397e+00    7.45477   34.18650  -77.83080  0.000e+00
       7300      2.700    20.6196   4.447192  1025.1175    31.7251  736626682     13.217    13.7973 2.5275e+00    7.45477   34.18640  -77.83088  0.000e+00
       7301      2.500    20.6203   4.446677  1025.1136    31.7205  736626685     13.339    13.9194 2.5275e+00    7.45488   34.18630  -77.83096  0.000e+00
       7302      3.000    20.6216   4.446061  1025.1086    31.7146  736626688     13.370    13.9194 2.5153e+00    7.45496   34.18618  -77.83106  0.000e+00
       7303      3.400    20.6223   4.445752  1025.1061    31.7116  736626691     13.431    13.9194 2.5397e+00    7.45500   34.18606  -77.83114  0.000e+00
       7304      3.400    20.6250   4.445236  1025.1009    31.7055  736626694     13.523    13.9194 2.6129e+00    7.45490   34.18596  -77.83124  0.000e+00
       7305      3.200    20.6270   4.444621  1025.0955    31.6991  736626697     13.370    13.9194 2.6129e+00    7.45490   34.18584  -77.83134  0.000e+00
       7306      3.000    20.6304   4.443594  1025.0865    31.6884  736626700     13.553    14.0415 2.5885e+00    7.45492   34.18574  -77.83144  0.000e+00
       7307      3.400    20.6351   4.441742  1025.0710    31.6702  736626703     13.553    14.0415 2.6129e+00    7.45508   34.18562  -77.83152  0.000e+00
       7308      3.200    20.6424   4.440405  1025.0574    31.6540  736626706     13.523    14.0415 2.6007e+00    7.45478   34.18550  -77.83162  0.000e+00
       7309      3.400    20.6458   4.439168  1025.0469    31.6417  736626709     13.523    14.1636 2.5885e+00    7.45486   34.18540  -77.83172  0.000e+00
       7310      3.000    20.6619   4.438348  1025.0312    31.6231  736626712     13.584    14.1636 2.5763e+00    7.45348   34.18528  -77.83182  0.000e+00
       7311      2.900    20.6767   4.437935  1025.0191    31.6089  736626715     13.370    14.2857 2.5885e+00    7.45209   34.18516  -77.83192  0.000e+00
       7312      3.000    20.6948   4.437832  1025.0071    31.5946  736626718     13.523    14.2857 2.5275e+00    7.45026   34.18504  -77.83200  0.000e+00
       7313      3.000    20.7163   4.438038  1024.9950    31.5803  736626721     13.309    14.2857 2.5397e+00    7.44796   34.18492  -77.83210  0.000e+00
       7314      2.700    20.7411   4.438037  1024.9794    31.5619  736626724     13.431    14.2857 2.5275e+00    7.44539   34.18482  -77.83218  0.000e+00
       7315      2.500    20.7652   4.438140  1024.9650    31.5448  736626727     13.370    14.4078 2.5519e+00    7.44286   34.18470  -77.83228  0.000e+00
       7316      2.500    20.7780   4.438140  1024.9570    31.5354  736626730     13.400    14.2857 2.5275e+00    7.44155   34.18458  -77.83236  0.000e+00
       7317      2.400    20.7834   4.437934  1024.9522    31.5298  736626733     13.278    14.4078 2.5031e+00    7.44106   34.18446  -77.83244  0.000e+00
       7318      2.200    20.7820   4.436701  1024.9448    31.5210  736626736     13.156    14.4078 2.5397e+00    7.44163   34.18436  -77.83252  0.000e+00
       7319      2.200    20.7820   4.435056  1024.9337    31.5079  736626739     13.156    14.5299 2.5641e+00    7.44220   34.18424  -77.83260  0.000e+00
       7320      2.400    20.7928   4.433820  1024.9187    31.4902  736626742     13.217    14.5299 2.5275e+00    7.44152   34.18414  -77.83268  0.000e+00
       7321      3.000    20.8001   4.432588  1024.9058    31.4750  736626745     13.309    14.5299 2.5275e+00    7.44119   34.18402  -77.83276  0.000e+00
       7322      3.700    20.8121   4.431454  1024.8907    31.4571  736626748     13.187    14.5299 2.5275e+00    7.44034   34.18390  -77.83286  0.000e+00
       7323      3.500    20.8208   4.430222  1024.8770    31.4409  736626751     13.156    14.6520 2.5275e+00    7.43986   34.18380  -77.83294  0.000e+00
       7324      3.900    20.8142   4.428163  1024.8674    31.4295  736626754     13.248    14.6520 2.5275e+00    7.44127   34.18368  -77.83304  0.000e+00
       7325      4.500    20.7760   4.425183  1024.8712    31.4340  736626757     13.309    14.6520 2.5519e+00    7.44626   34.18356  -77.83314  0.000e+00
       7326      4.400    20.7652   4.421688  1024.8544    31.4142  736626760     13.217    14.7741 2.5763e+00    7.44858   34.18344  -77.83324  0.000e+00
       7327      4.100    20.7626   4.419220  1024.8395    31.3966  736626763     13.309    14.7741 2.5641e+00    7.44972   34.18334  -77.83334  0.000e+00
       7328      4.000    20.7592   4.417266  1024.8285    31.3835  736626766     13.156    14.8962 2.5519e+00    7.45075   34.18322  -77.83344  0.000e+00
       7329      3.500    20.7666   4.416443  1024.8184    31.3716  736626769     13.156    14.7741 2.5397e+00    7.45027   34.18310  -77.83354  0.000e+00
