data/sbe21-RVCF/050523.cnv
* Sea-Bird SBE 21 Data File:
* FileName = C:\Users\wellsd\Desktop\SBE21 Files\050523\050523.hex
* Software Version Seasave V 7.26.7.121
* Temperature SN = 3229
* Conductivity SN = 3229
* System UpLoad Time = May 05 2023 08:26:31
* NMEA Latitude = 34 08.39 N
* NMEA Longitude = 077 51.74 W
* NMEA UTC (Time) = May 05 2023  12:26:22
** Ship:
** Station:
** Operator:
# nquan = 14
# nvalues = 7359                                  
# units = specified
# name 0 = scan: Scan Count
# name 1 = dNMEA: Depth, NMEA [salt water, m]
# name 2 = t090C: Temperature [ITS-90, deg C]
# name 3 = c0S/m: Conductivity [S/m]
# name 4 = density00: Density [density, kg/m^3]
# name 5 = sal00: Salinity, Practical [PSU]
# name 6 = timeQ: Time, NMEA [seconds]
# name 7 = seaTurbMtr: Turbidity, Seapoint [FTU]
# name 8 = flSPuv0: Fluorescence, Seapoint Ultraviolet
# name 9 = flSP: Fluorescence, Seapoint
# name 10 = oxsolMg/L: Oxygen Saturation, Garcia & Gordon [mg/l]
# name 11 = latitude: Latitude [deg]
# name 12 = longitude: Longitude [deg]
# name 13 = flag:  0.000e+00
# span 0 =          1,       7359                 
# span 1 =      1.300,     15.300                 
# span 2 =    19.3350,    20.8208                 
# span 3 =   4.362778,   4.829898                 
# span 4 =  1024.5934,  1027.9077                 
# span 5 =    31.1058,    35.0221                 
# span 6 =  736604784,  736626859                 
# span 7 =      2.564,     18.712                 
# span 8 =     3.7851,    15.5067                 
# span 9 = 2.9304e-01, 2.8694e+00                 
# span 10 =    7.34470,    7.58117                
# span 11 =   34.13930,   34.19712                
# span 12 =  -77.86234,  -77.74970                
# span 13 = 0.0000e+00, 0.0000e+00                
# interval = seconds: 3
# start_time = May 05 2023 12:26:24 [NMEA time, first data scan]
# bad_flag = -9.990e-29
*END*
[from data line 5988]
       5989     12.800    20.1978   4.807054  1027.8554    34.9603  736622749      3.785     4.1514 4.5177e-01    7.37040   34.17620  -77.76440  0.000e+00
       5990     12.600    20.1978   4.807157  1027.8561    34.9611  736622752      3.755     4.1514 4.3956e-01    7.37037   34.17626  -77.76432  0.000e+00
       5991     12.600    20.1958   4.807157  1027.8575    34.9629  736622755      3.785     4.1514 4.3956e-01    7.37057   34.17630  -77.76426  0.000e+00
       5992     12.800    20.1951   4.807157  1027.8580    34.9634  736622758      4.243     4.0293 4.3956e-01    7.37063   34.17636  -77.76420  0.000e+00
       5993     12.800    20.1951   4.807157  1027.8580    34.9634  736622761      4.243     4.0293 4.3956e-01    7.37063   34.17640  -77.76414  0.000e+00
       5994     12.600    20.1971   4.807363  1027.8580    34.9634  736622764      4.029     4.1514 4.2735e-01    7.37036   34.17646  -77.76406  0.000e+00
       5995     12.600    20.1998   4.807672  1027.8582    34.9637  736622767      3.816     4.0293 4.2735e-01    7.36999   34.17652  -77.76400  0.000e+00
       5996     12.600    20.2012   4.808084  1027.8601    34.9659  736622770      3.724     4.1514 4.1514e-01    7.36971   34.17658  -77.76394  0.000e+00
       5997     12.600    20.2019   4.808290  1027.8610    34.9670  736622773      3.694     4.0293 4.1514e-01    7.36957   34.17662  -77.76386  0.000e+00
       5998     12.600    20.2012   4.808290  1027.8615    34.9676  736622776      3.632     4.0293 4.1514e-01    7.36963   34.17668  -77.76380  0.000e+00
       5999     12.600    20.1985   4.808187  1027.8627    34.9690  736622779      3.602     4.0293 4.0293e-01    7.36994   34.17674  -77.76372  0.000e+00
       6000     12.500    20.1965   4.808084  1027.8634    34.9698  736622782      3.663     4.0293 4.1514e-01    7.37017   34.17678  -77.76366  0.000e+00
       6001     12.600    20.1938   4.807775  1027.8632    34.9696  736622785      3.694     4.1514 4.1514e-01    7.37055   34.17684  -77.76360  0.000e+00
       6002     12.600    20.1931   4.807775  1027.8637    34.9701  736622788      3.999     4.1514 4.1514e-01    7.37061   34.17690  -77.76354  0.000e+00
       6003     12.500    20.1938   4.807878  1027.8639    34.9704  736622791      3.877     4.0293 4.0293e-01    7.37051   34.17694  -77.76348  0.000e+00
       6004     12.600    20.1958   4.808084  1027.8639    34.9704  736622794      3.755     4.0293 3.9072e-01    7.37024   34.17700  -77.76340  0.000e+00
       6005     12.600    20.1985   4.808393  1027.8642    34.9707  736622797      3.602     4.0293 4.0293e-01    7.36986   34.17706  -77.76336  0.000e+00
       6006     12.600    20.2019   4.808802  1027.8646    34.9712  736622800      3.541     4.0293 3.9072e-01    7.36938   34.17710  -77.76328  0.000e+00
       6007     12.500    20.2066   4.809111  1027.8634    34.9698  736622803      3.449     4.0293 3.9072e-01    7.36881   34.17716  -77.76322  0.000e+00
       6008     12.600    20.2113   4.809523  1027.8629    34.9693  736622806      3.449     4.0293 3.7851e-01    7.36820   34.17722  -77.76316  0.000e+00
       6009     12.600    20.2154   4.809832  1027.8622    34.9684  736622809      3.358     4.0293 3.7851e-01    7.36769   34.17726  -77.76310  0.000e+00
       6010     12.600    20.2174   4.810347  1027.8643    34.9709  736622812      3.388     4.0293 3.6630e-01    7.36731   34.17732  -77.76304  0.000e+00
       6011     12.600    20.2215   4.810862  1027.8651    34.9718  736622815      3.358     4.0293 3.6630e-01    7.36673   34.17736  -77.76296  0.000e+00
       6012     12.600    20.2242   4.810965  1027.8639    34.9704  736622818      3.358     4.0293 3.6630e-01    7.36643   34.17742  -77.76290  0.000e+00
       6013     12.500    20.2276   4.811480  1027.8651    34.9718  736622821      3.327     3.9072 3.6630e-01    7.36591   34.17748  -77.76284  0.000e+00
       6014     12.600    20.2282   4.811790  1027.8667    34.9737  736622824      3.297     4.0293 3.5409e-01    7.36573   34.17752  -77.76278  0.000e+00
       6015     12.500    20.2316   4.811992  1027.8657    34.9726  736622827      3.297     4.0293 3.6630e-01    7.36533   34.17758  -77.76270  0.000e+00
       6016     12.600    20.2323   4.812198  1027.8667    34.9737  736622830      3.297     3.9072 3.5409e-01    7.36519   34.17764  -77.76264  0.000e+00
       6017     12.600    20.2323   4.812404  1027.8681    34.9754  736622833      3.327     3.9072 3.5409e-01    7.36512   34.17770  -77.76258  0.000e+00
       6018     12.600    20.2316   4.812404  1027.8686    34.9759  736622836      3.327     3.9072 3.5409e-01    7.36518   34.17774  -77.76252  0.000e+00
       6019     12.600    20.2289   4.812301  1027.8698    34.9773  736622839      3.236     4.0293 3.5409e-01    7.36548   34.17780  -77.76244  0.000e+00
       6020     12.600    20.2276   4.812198  1027.8700    34.9776  736622842      3.205     3.9072 3.4188e-01    7.36565   34.17786  -77.76238  0.000e+00
       6021     12.600    20.2289   4.812404  1027.8705    34.9782  736622845      3.205     3.9072 3.4188e-01    7.36545   34.17792  -77.76232  0.000e+00
       6022     12.600    20.2303   4.812713  1027.8717    34.9796  736622848      3.175     3.9072 3.2967e-01    7.36520   34.17796  -77.76224  0.000e+00
       6023     12.600    20.2316   4.812816  1027.8714    34.9793  736622851      3.205     3.9072 3.4188e-01    7.36503   34.17802  -77.76220  0.000e+00
       6024     12.600    20.2316   4.812816  1027.8714    34.9793  736622854      3.358     3.9072 3.2967e-01    7.36503   34.17808  -77.76212  0.000e+00
       6025     12.500    20.2296   4.812713  1027.8722    34.9802  736622857      3.663     3.9072 3.2967e-01    7.36527   34.17814  -77.76206  0.000e+00
       6026     12.600    20.2276   4.812610  1027.8729    34.9810  736622860      3.846     3.9072 3.4188e-01    7.36551   34.17818  -77.76200  0.000e+00
       6027     12.600    20.2262   4.812507  1027.8731    34.9813  736622863      3.571     3.9072 3.4188e-01    7.36568   34.17824  -77.76192  0.000e+00
       6028     12.600    20.2249   4.812404  1027.8733    34.9815  736622866      3.419     3.9072 3.1746e-01    7.36585   34.17828  -77.76186  0.000e+00
       6029     12.600    20.2242   4.812404  1027.8738    34.9821  736622869      3.297     3.9072 3.2967e-01    7.36591   34.17834  -77.76180  0.000e+00
       6030     12.600    20.2249   4.812507  1027.8740    34.9824  736622872      3.266     3.9072 3.2967e-01    7.36581   34.17840  -77.76172  0.000e+00
       6031     12.600    20.2242   4.812404  1027.8738    34.9821  736622875      3.236     3.9072 3.1746e-01    7.36591   34.17846  -77.76166  0.000e+00
       6032     12.600    20.2222   4.812301  1027.8745    34.9829  736622878      3.236     4.0293 3.1746e-01    7.36615   34.17850  -77.76160  0.000e+00
       6033     12.500    20.2195   4.812198  1027.8757    34.9844  736622881      3.236     3.9072 3.1746e-01    7.36645   34.17856  -77.76152  0.000e+00
       6034     12.800    20.2195   4.812095  1027.8750    34.9835  736622884      3.266     3.9072 3.1746e-01    7.36649   34.17862  -77.76146  0.000e+00
       6035     12.600    20.2188   4.811992  1027.8747    34.9832  736622887      3.297     3.9072 3.1746e-01    7.36659   34.17868  -77.76140  0.000e+00
       6036     12.600    20.2174   4.811992  1027.8757    34.9843  736622890      3.297     3.9072 3.1746e-01    7.36672   34.17874  -77.76134  0.000e+00
       6037     12.600    20.2161   4.811992  1027.8766    34.9855  736622893      3.266     3.9072 3.1746e-01    7.36685   34.17878  -77.76128  0.000e+00
       6038     12.800    20.2147   4.811889  1027.8769    34.9857  736622896      3.297     3.9072 3.1746e-01    7.36702   34.17884  -77.76122  0.000e+00
       6039     12.600    20.2140   4.811687  1027.8760    34.9847  736622899      3.297     3.9072 3.0525e-01    7.36716   34.17888  -77.76114  0.000e+00
       6040     12.500    20.2113   4.811481  1027.8765    34.9852  736622902      3.327     3.9072 3.1746e-01    7.36750   34.17894  -77.76108  0.000e+00
       6041     12.600    20.2093   4.811378  1027.8772    34.9861  736622905      3.327     3.9072 3.0525e-01    7.36774   34.17900  -77.76102  0.000e+00
       6042     12.800    20.2073   4.811171  1027.8772    34.9861  736622908      3.266     3.9072 3.0525e-01    7.36801   34.17904  -77.76096  0.000e+00
       6043     12.600    20.2060   4.811068  1027.8774    34.9863  736622911      3.297     3.9072 3.0525e-01    7.36818   34.17910  -77.76090  0.000e+00
       6044     12.800    20.2039   4.810965  1027.8781    34.9872  736622914      3.327     3.9072 3.0525e-01    7.36842   34.17916  -77.76082  0.000e+00
       6045     13.100    20.2033   4.810759  1027.8772    34.9861  736622917      3.358     3.9072 3.0525e-01    7.36855   34.17920  -77.76076  0.000e+00
       6046     13.100    20.2039   4.810759  1027.8767    34.9855  736622920      2.961     3.9072 3.1746e-01    7.36849   34.17928  -77.76070  0.000e+00
       6047     13.000    20.2060   4.810862  1027.8760    34.9846  736622923      2.900     3.9072 3.1746e-01    7.36825   34.17934  -77.76064  0.000e+00
       6048     13.100    20.2080   4.810965  1027.8753    34.9838  736622926      2.900     3.9072 3.0525e-01    7.36802   34.17940  -77.76058  0.000e+00
       6049     13.000    20.2093   4.810862  1027.8736    34.9819  736622929      2.869     3.9072 3.0525e-01    7.36792   34.17944  -77.76050  0.000e+00
       6050     13.000    20.2093   4.810965  1027.8743    34.9827  736622932      2.930     3.9072 3.0525e-01    7.36788   34.17950  -77.76044  0.000e+00
       6051     13.000    20.2107   4.811068  1027.8741    34.9824  736622935      2.900     3.9072 3.1746e-01    7.36771   34.17956  -77.76038  0.000e+00
       6052     12.800    20.2120   4.811171  1027.8738    34.9821  736622938      2.869     3.9072 3.0525e-01    7.36754   34.17962  -77.76032  0.000e+00
       6053     12.800    20.2134   4.811274  1027.8736    34.9818  736622941      2.930     3.9072 3.1746e-01    7.36738   34.17968  -77.76026  0.000e+00
       6054     12.800    20.2120   4.811274  1027.8745    34.9830  736622944      2.900     3.9072 3.0525e-01    7.36751   34.17974  -77.76020  0.000e+00
       6055     13.000    20.2113   4.811171  1027.8743    34.9827  736622947      2.900     3.9072 3.1746e-01    7.36761   34.17978  -77.76014  0.000e+00
       6056     12.800    20.2107   4.811068  1027.8741    34.9824  736622950      2.900     3.9072 3.1746e-01    7.36771   34.17984  -77.76008  0.000e+00
       6057     12.800    20.2113   4.811171  1027.8743    34.9827  736622953      2.900     3.9072 3.0525e-01    7.36761   34.17990  -77.76002  0.000e+00
       6058     12.600    20.2113   4.811171  1027.8743    34.9827  736622956      3.053     3.9072 3.1746e-01    7.36761   34.17996  -77.75996  0.000e+00
       6059     12.600    20.2120   4.811068  1027.8731    34.9813  736622959      3.053     3.9072 3.0525e-01    7.36758   34.18000  -77.75990  0.000e+00
       6060     12.600    20.2113   4.811171  1027.8743    34.9827  736622962      3.022     3.9072 3.1746e-01    7.36761   34.18006  -77.75984  0.000e+00
       6061     12.600    20.2107   4.811171  1027.8748    34.9833  736622965      3.419     3.9072 3.0525e-01    7.36768   34.18012  -77.75976  0.000e+00
       6062     12.800    20.2086   4.810965  1027.8748    34.9833  736622968      3.388     3.9072 3.0525e-01    7.36795   34.18018  -77.75970  0.000e+00
       6063     12.600    20.2086   4.810862  1027.8741    34.9824  736622971      3.266     3.9072 3.0525e-01    7.36799   34.18024  -77.75964  0.000e+00
       6064     12.600    20.2060   4.810656  1027.8745    34.9830  736622974      3.083     3.9072 3.1746e-01    7.36832   34.18030  -77.75958  0.000e+00
       6065     12.800    20.2026   4.810347  1027.8748    34.9833  736622977      3.083     3.9072 3.1746e-01    7.36877   34.18036  -77.75952  0.000e+00
       6066     12.800    20.1998   4.810038  1027.8746    34.9830  736622980      2.961     3.9072 3.0525e-01    7.36915   34.18042  -77.75946  0.000e+00
       6067     12.600    20.1978   4.810038  1027.8760    34.9847  736622983      2.961     3.9072 3.0525e-01    7.36934   34.18046  -77.75940  0.000e+00
       6068     13.000    20.1958   4.809729  1027.8753    34.9838  736622986      2.930     3.9072 3.1746e-01    7.36966   34.18052  -77.75934  0.000e+00
       6069     12.800    20.1958   4.809729  1027.8753    34.9838  736622989      2.961     3.9072 3.1746e-01    7.36966   34.18058  -77.75928  0.000e+00
       6070     12.800    20.1951   4.809626  1027.8750    34.9835  736622992      2.991     3.9072 3.1746e-01    7.36976   34.18064  -77.75922  0.000e+00
       6071     13.000    20.1971   4.809729  1027.8743    34.9827  736622995      2.961     3.9072 3.1746e-01    7.36952   34.18070  -77.75916  0.000e+00
       6072     13.000    20.2019   4.809935  1027.8724    34.9804  736622998      3.022     3.9072 3.1746e-01    7.36898   34.18076  -77.75910  0.000e+00
       6073     12.800    20.2053   4.810347  1027.8729    34.9810  736623001      2.991     3.9072 3.1746e-01    7.36850   34.18080  -77.75904  0.000e+00
       6074     13.000    20.2120   4.810759  1027.8710    34.9788  736623004      2.991     3.9072 3.1746e-01    7.36769   34.18086  -77.75898  0.000e+00
       6075     12.600    20.2140   4.811068  1027.8717    34.9796  736623007      3.266     3.9072 3.2967e-01    7.36738   34.18092  -77.75892  0.000e+00
       6076     12.800    20.2161   4.811274  1027.8717    34.9796  736623010      3.114     3.9072 3.1746e-01    7.36711   34.18098  -77.75886  0.000e+00
       6077     12.800    20.2167   4.811481  1027.8727    34.9807  736623013      3.022     3.9072 3.1746e-01    7.36697   34.18104  -77.75880  0.000e+00
       6078     12.800    20.2174   4.811584  1027.8729    34.9810  736623016      2.991     3.9072 3.1746e-01    7.36687   34.18110  -77.75874  0.000e+00
       6079     12.800    20.2181   4.811687  1027.8731    34.9813  736623019      2.900     3.9072 3.1746e-01    7.36677   34.18116  -77.75868  0.000e+00
       6080     12.600    20.2181   4.811790  1027.8738    34.9821  736623022      2.930     3.9072 3.1746e-01    7.36673   34.18122  -77.75862  0.000e+00
       6081     12.600    20.2161   4.811790  1027.8753    34.9838  736623025      2.930     3.9072 3.1746e-01    7.36693   34.18126  -77.75856  0.000e+00
       6082     12.600    20.2147   4.811584  1027.8748    34.9832  736623028      2.930     3.9072 3.1746e-01    7.36713   34.18132  -77.75850  0.000e+00
       6083     12.600    20.2120   4.811378  1027.8753    34.9838  736623031      2.961     3.9072 3.1746e-01    7.36747   34.18138  -77.75842  0.000e+00
       6084     12.600    20.2107   4.811378  1027.8762    34.9849  736623034      3.114     3.9072 3.1746e-01    7.36760   34.18144  -77.75838  0.000e+00
       6085     12.600    20.2100   4.811378  1027.8767    34.9855  736623037      3.053     3.9072 3.1746e-01    7.36767   34.18148  -77.75830  0.000e+00
       6086     12.600    20.2086   4.811275  1027.8769    34.9858  736623040      3.083     3.9072 3.2967e-01    7.36784   34.18154  -77.75824  0.000e+00
       6087     12.600    20.2066   4.811068  1027.8769    34.9858  736623043      3.114     3.9072 3.2967e-01    7.36811   34.18160  -77.75818  0.000e+00
       6088     12.600    20.2046   4.810759  1027.8762    34.9849  736623046      3.144     3.9072 3.1746e-01    7.36842   34.18166  -77.75812  0.000e+00
       6089     12.600    20.2005   4.810450  1027.8769    34.9858  736623049      3.022     3.9072 3.2967e-01    7.36893   34.18172  -77.75806  0.000e+00
       6090     12.600    20.1965   4.810038  1027.8769    34.9858  736623052      2.991     3.9072 3.2967e-01    7.36948   34.18176  -77.75800  0.000e+00
