data/sbe21-RVCF/050523.cnv
* Sea-Bird SBE 21 Data File:
* FileName = C:\Users\wellsd\Desktop\SBE21 Files\050523\050523.hex
* Software Version Seasave V 7.26.7.121
* Temperature SN = 3229
* Conductivity SN = 3229
* System UpLoad Time = May 05 2023 08:26:31
* NMEA Latitude = 34 08.39 N
* NMEA Longitude = 077 51.74 W
* NMEA UTC (Time) = May 05 2023  12:26:22
** Ship:
** Station:
** Operator:
# nquan = 14
# nvalues = 7359                                  
# units = specified
# name 0 = scan: Scan Count
# name 1 = dNMEA: Depth, NMEA [salt water, m]
# name 2 = t090C: Temperature [ITS-90, deg C]
# name 3 = c0S/m: Conductivity [S/m]
# name 4 = density00: Density [density, kg/m^3]
# name 5 = sal00: Salinity, Practical [PSU]
# name 6 = timeQ: Time, NMEA [seconds]
# name 7 = seaTurbMtr: Turbidity, Seapoint [FTU]
# name 8 = flSPuv0: Fluorescence, Seapoint Ultraviolet
# name 9 = flSP: Fluorescence, Seapoint
# name 10 = oxsolMg/L: Oxygen Saturation, Garcia & Gordon [mg/l]
# name 11 = latitude: Latitude [deg]
# name 12 = longitude: Longitude [deg]
# name 13 = flag:  0.000e+00
# span 0 =          1,       7359                 
# span 1 =      1.300,     15.300                 
# span 2 =    19.3350,    20.8208                 
# span 3 =   4.362778,   4.829898                 
# span 4 =  1024.5934,  1027.9077                 
# span 5 =    31.1058,    35.0221                 
# span 6 =  736604784,  736626859                 
# span 7 =      2.564,     18.712                 
# span 8 =     3.7851,    15.5067                 
# span 9 = 2.9304e-01, 2.8694e+00                 
# span 10 =    7.34470,    7.58117                
# span 11 =   34.13930,   34.19712                
# span 12 =  -77.86234,  -77.74970                
# span 13 = 0.0000e+00, 0.0000e+00                
# interval = seconds: 3
# start_time = May 05 2023 12:26:24 [NMEA time, first data scan]
# bad_flag = -9.990e-29
*END*
[from data line 2478]
       2479     14.100    19.8945   4.777932  1027.8670    34.9741  736612219      2.747     4.0293 3.7851e-01    7.41083   34.19002  -77.76602  0.000e+00
       2480     14.300    19.8945   4.778038  1027.8678    34.9750  736612222      2.747     4.0293 3.6630e-01    7.41079   34.18998  -77.76610  0.000e+00
       2481     14.300    19.8937   4.778141  1027.8690    34.9764  736612225      2.717     4.1514 3.7851e-01    7.41083   34.18992  -77.76616  0.000e+00
       2482     14.300    19.8931   4.778141  1027.8695    34.9770  736612228      2.747     4.1514 3.7851e-01    7.41089   34.18988  -77.76624  0.000e+00
       2483     14.300    19.8917   4.778038  1027.8697    34.9772  736612231      2.778     4.0293 3.7851e-01    7.41106   34.18982  -77.76630  0.000e+00
       2484     14.300    19.8917   4.778038  1027.8697    34.9772  736612234      2.778     4.0293 3.9072e-01    7.41106   34.18976  -77.76638  0.000e+00
       2485     14.500    19.8924   4.778141  1027.8700    34.9775  736612237      2.747     4.0293 3.7851e-01    7.41096   34.18972  -77.76646  0.000e+00
       2486     14.500    19.8931   4.778244  1027.8702    34.9778  736612240      2.717     4.0293 3.7851e-01    7.41085   34.18966  -77.76652  0.000e+00
       2487     14.300    19.8951   4.778346  1027.8695    34.9770  736612243      2.717     4.0293 3.7851e-01    7.41062   34.18960  -77.76660  0.000e+00
       2488     14.500    19.8951   4.778449  1027.8702    34.9778  736612246      2.717     4.0293 3.7851e-01    7.41058   34.18954  -77.76666  0.000e+00
       2489     14.300    19.8958   4.778449  1027.8697    34.9772  736612249      2.717     4.0293 3.7851e-01    7.41051   34.18950  -77.76672  0.000e+00
       2490     14.500    19.8965   4.778552  1027.8699    34.9775  736612252      2.747     4.1514 3.7851e-01    7.41041   34.18944  -77.76680  0.000e+00
       2491     14.500    19.8978   4.778654  1027.8697    34.9772  736612255      2.747     4.0293 3.6630e-01    7.41024   34.18938  -77.76686  0.000e+00
       2492     14.500    19.8978   4.778757  1027.8704    34.9781  736612258      2.747     4.0293 3.7851e-01    7.41020   34.18934  -77.76692  0.000e+00
       2493     14.300    19.8972   4.778757  1027.8709    34.9786  736612261      2.747     4.0293 3.7851e-01    7.41026   34.18928  -77.76700  0.000e+00
       2494     14.300    19.8972   4.778757  1027.8709    34.9786  736612264      2.778     4.0293 3.9072e-01    7.41026   34.18922  -77.76706  0.000e+00
       2495     14.300    19.8972   4.778860  1027.8716    34.9795  736612267      2.778     4.0293 3.7851e-01    7.41023   34.18916  -77.76714  0.000e+00
       2496     14.500    19.8972   4.778963  1027.8723    34.9803  736612270      2.808     4.0293 3.7851e-01    7.41019   34.18912  -77.76720  0.000e+00
       2497     14.100    19.8972   4.779065  1027.8730    34.9812  736612273      2.808     4.0293 3.9072e-01    7.41015   34.18906  -77.76728  0.000e+00
       2498     14.100    19.8965   4.779065  1027.8735    34.9817  736612276      2.839     4.0293 3.9072e-01    7.41022   34.18900  -77.76734  0.000e+00
       2499     14.300    19.8945   4.779065  1027.8749    34.9834  736612279      2.839     4.0293 3.9072e-01    7.41042   34.18896  -77.76742  0.000e+00
       2500     14.100    19.8931   4.779065  1027.8759    34.9846  736612282      2.839     4.0293 3.9072e-01    7.41056   34.18890  -77.76748  0.000e+00
       2501     14.100    19.8931   4.779168  1027.8766    34.9854  736612285      2.869     4.0293 3.9072e-01    7.41052   34.18884  -77.76756  0.000e+00
       2502     14.100    19.8945   4.779271  1027.8764    34.9851  736612288      2.839     4.0293 3.9072e-01    7.41035   34.18878  -77.76762  0.000e+00
       2503     13.600    19.8958   4.779476  1027.8768    34.9857  736612291      2.869     4.0293 3.9072e-01    7.41014   34.18872  -77.76770  0.000e+00
       2504     13.300    19.8972   4.779682  1027.8773    34.9862  736612294      2.869     4.0293 3.7851e-01    7.40993   34.18868  -77.76776  0.000e+00
       2505     13.500    19.8992   4.779887  1027.8773    34.9862  736612297      2.839     4.0293 3.9072e-01    7.40966   34.18862  -77.76782  0.000e+00
       2506     13.600    19.9012   4.780093  1027.8773    34.9862  736612300      2.839     4.0293 3.7851e-01    7.40938   34.18856  -77.76790  0.000e+00
       2507     13.500    19.9039   4.780302  1027.8768    34.9857  736612303      2.839     4.0293 3.7851e-01    7.40904   34.18852  -77.76796  0.000e+00
       2508     13.300    19.9060   4.780508  1027.8768    34.9856  736612306      2.869     4.0293 3.7851e-01    7.40876   34.18846  -77.76804  0.000e+00
       2509     12.800    19.9080   4.780919  1027.8782    34.9873  736612309      2.869     4.0293 3.7851e-01    7.40841   34.18840  -77.76810  0.000e+00
       2510     12.800    19.9094   4.781124  1027.8787    34.9879  736612312      2.839     4.0293 3.9072e-01    7.40820   34.18834  -77.76818  0.000e+00
       2511     13.000    19.9101   4.781227  1027.8789    34.9882  736612315      2.839     4.0293 3.7851e-01    7.40809   34.18830  -77.76824  0.000e+00
       2512     13.000    19.9114   4.781432  1027.8794    34.9887  736612318      2.839     4.0293 3.7851e-01    7.40789   34.18824  -77.76832  0.000e+00
       2513     13.100    19.9127   4.781535  1027.8792    34.9885  736612321      2.839     4.0293 3.7851e-01    7.40772   34.18820  -77.76838  0.000e+00
       2514     13.100    19.9155   4.781740  1027.8787    34.9879  736612324      2.839     4.0293 3.6630e-01    7.40737   34.18814  -77.76846  0.000e+00
       2515     13.100    19.9182   4.782049  1027.8789    34.9881  736612327      2.808     4.0293 3.7851e-01    7.40699   34.18808  -77.76852  0.000e+00
       2516     12.800    19.9209   4.782254  1027.8784    34.9876  736612330      2.778     4.0293 3.7851e-01    7.40665   34.18802  -77.76858  0.000e+00
       2517     13.000    19.9230   4.782562  1027.8791    34.9884  736612333      2.839     4.0293 3.7851e-01    7.40633   34.18798  -77.76864  0.000e+00
       2518     12.800    19.9236   4.782768  1027.8801    34.9895  736612336      2.808     4.0293 3.6630e-01    7.40619   34.18792  -77.76872  0.000e+00
       2519     13.000    19.9250   4.782871  1027.8798    34.9892  736612339      2.839     4.0293 3.6630e-01    7.40602   34.18786  -77.76878  0.000e+00
       2520     12.800    19.9256   4.782871  1027.8794    34.9887  736612342      2.778     4.0293 3.6630e-01    7.40596   34.18780  -77.76886  0.000e+00
       2521     12.800    19.9277   4.783080  1027.8794    34.9887  736612345      2.839     4.0293 3.6630e-01    7.40568   34.18774  -77.76892  0.000e+00
       2522     12.800    19.9297   4.783389  1027.8801    34.9895  736612348      2.808     4.0293 3.6630e-01    7.40537   34.18768  -77.76898  0.000e+00
       2523     12.800    19.9311   4.783594  1027.8806    34.9901  736612351      2.808     4.0293 3.6630e-01    7.40516   34.18764  -77.76906  0.000e+00
       2524     12.800    19.9331   4.783800  1027.8805    34.9901  736612354      2.839     4.0293 3.6630e-01    7.40488   34.18758  -77.76912  0.000e+00
       2525     12.800    19.9351   4.783902  1027.8798    34.9892  736612357      2.839     4.0293 3.6630e-01    7.40464   34.18752  -77.76920  0.000e+00
       2526     12.800    19.9365   4.784108  1027.8803    34.9898  736612360      2.839     4.0293 3.6630e-01    7.40443   34.18746  -77.76926  0.000e+00
       2527     12.600    19.9372   4.784211  1027.8806    34.9901  736612363      2.778     4.0293 3.6630e-01    7.40433   34.18742  -77.76932  0.000e+00
       2528     12.600    19.9399   4.784519  1027.8808    34.9903  736612366      2.808     4.0293 3.6630e-01    7.40395   34.18736  -77.76938  0.000e+00
       2529     12.800    19.9426   4.784827  1027.8810    34.9906  736612369      2.778     4.0293 3.6630e-01    7.40357   34.18730  -77.76946  0.000e+00
       2530     12.800    19.9447   4.784930  1027.8803    34.9897  736612372      2.808     4.0293 3.6630e-01    7.40333   34.18724  -77.76952  0.000e+00
       2531     12.800    19.9453   4.785136  1027.8812    34.9909  736612375      2.808     4.0293 3.6630e-01    7.40319   34.18718  -77.76958  0.000e+00
       2532     12.600    19.9460   4.785136  1027.8807    34.9903  736612378      2.808     4.0293 3.5409e-01    7.40312   34.18712  -77.76964  0.000e+00
       2533     12.600    19.9453   4.785238  1027.8819    34.9917  736612381      2.808     4.0293 3.6630e-01    7.40315   34.18706  -77.76970  0.000e+00
       2534     12.800    19.9453   4.785238  1027.8819    34.9917  736612384      2.808     4.0293 3.5409e-01    7.40315   34.18700  -77.76978  0.000e+00
       2535     13.000    19.9447   4.785238  1027.8824    34.9923  736612387      2.839     4.0293 3.6630e-01    7.40322   34.18696  -77.76986  0.000e+00
       2536     12.800    19.9447   4.785238  1027.8824    34.9923  736612390      2.778     4.0293 3.6630e-01    7.40322   34.18690  -77.76992  0.000e+00
       2537     12.800    19.9447   4.785238  1027.8824    34.9923  736612393      2.808     4.0293 3.5409e-01    7.40322   34.18684  -77.76998  0.000e+00
       2538     12.800    19.9447   4.785341  1027.8831    34.9931  736612396      2.839     4.0293 3.6630e-01    7.40318   34.18680  -77.77004  0.000e+00
       2539     13.000    19.9439   4.785238  1027.8829    34.9928  736612399      2.839     4.0293 3.6630e-01    7.40329   34.18674  -77.77010  0.000e+00
       2540     13.000    19.9439   4.785238  1027.8829    34.9928  736612402      2.839     4.0293 3.6630e-01    7.40329   34.18668  -77.77018  0.000e+00
       2541     13.000    19.9439   4.785238  1027.8829    34.9928  736612405      2.839     4.0293 3.6630e-01    7.40329   34.18662  -77.77024  0.000e+00
       2542     13.100    19.9447   4.785238  1027.8824    34.9923  736612408      2.839     4.0293 3.5409e-01    7.40322   34.18656  -77.77032  0.000e+00
       2543     13.100    19.9453   4.785341  1027.8827    34.9926  736612411      2.808     4.0293 3.6630e-01    7.40312   34.18650  -77.77038  0.000e+00
       2544     13.000    19.9460   4.785341  1027.8822    34.9920  736612414      2.839     4.0293 3.6630e-01    7.40305   34.18646  -77.77044  0.000e+00
       2545     13.100    19.9467   4.785444  1027.8824    34.9923  736612417      2.808     4.0293 3.5409e-01    7.40294   34.18640  -77.77050  0.000e+00
       2546     13.100    19.9474   4.785547  1027.8826    34.9925  736612420      2.869     4.0293 3.5409e-01    7.40284   34.18634  -77.77058  0.000e+00
       2547     13.100    19.9474   4.785547  1027.8826    34.9925  736612423      2.839     4.0293 3.6630e-01    7.40284   34.18628  -77.77064  0.000e+00
       2548     13.100    19.9480   4.785650  1027.8829    34.9928  736612426      2.839     4.0293 3.6630e-01    7.40274   34.18624  -77.77072  0.000e+00
       2549     13.300    19.9480   4.785650  1027.8829    34.9928  736612429      2.869     4.0293 3.5409e-01    7.40274   34.18618  -77.77078  0.000e+00
       2550     13.100    19.9467   4.785650  1027.8838    34.9940  736612432      2.869     4.0293 3.6630e-01    7.40287   34.18612  -77.77084  0.000e+00
       2551     13.100    19.9474   4.785650  1027.8833    34.9934  736612435      2.869     4.0293 3.6630e-01    7.40280   34.18606  -77.77092  0.000e+00
       2552     13.100    19.9474   4.785547  1027.8826    34.9925  736612438      2.869     4.0293 3.5409e-01    7.40284   34.18602  -77.77098  0.000e+00
       2553     13.300    19.9487   4.785650  1027.8824    34.9922  736612441      2.839     4.0293 3.6630e-01    7.40267   34.18596  -77.77106  0.000e+00
       2554     13.300    19.9514   4.785855  1027.8819    34.9917  736612444      2.869     4.0293 3.6630e-01    7.40233   34.18590  -77.77114  0.000e+00
       2555     13.300    19.9528   4.785958  1027.8817    34.9914  736612447      2.839     4.0293 3.6630e-01    7.40216   34.18584  -77.77120  0.000e+00
       2556     13.300    19.9541   4.786167  1027.8822    34.9920  736612450      2.869     4.0293 3.5409e-01    7.40195   34.18578  -77.77128  0.000e+00
       2557     13.300    19.9555   4.786373  1027.8826    34.9925  736612453      2.869     4.0293 3.6630e-01    7.40174   34.18574  -77.77134  0.000e+00
       2558     13.500    19.9562   4.786476  1027.8829    34.9928  736612456      2.869     4.0293 3.6630e-01    7.40163   34.18568  -77.77140  0.000e+00
       2559     13.300    19.9548   4.786476  1027.8838    34.9939  736612459      2.900     4.0293 3.6630e-01    7.40176   34.18562  -77.77148  0.000e+00
       2560     13.600    19.9541   4.786373  1027.8836    34.9937  736612462      2.900     4.0293 3.6630e-01    7.40187   34.18558  -77.77154  0.000e+00
       2561     13.300    19.9528   4.786373  1027.8846    34.9948  736612465      2.930     4.0293 3.6630e-01    7.40201   34.18552  -77.77160  0.000e+00
       2562     13.300    19.9514   4.786270  1027.8848    34.9951  736612468      2.961     4.0293 3.6630e-01    7.40218   34.18548  -77.77168  0.000e+00
       2563     13.600    19.9494   4.786167  1027.8855    34.9959  736612471      2.991     4.0293 3.7851e-01    7.40241   34.18542  -77.77174  0.000e+00
       2564     13.500    19.9467   4.785958  1027.8860    34.9965  736612474      2.991     4.0293 3.7851e-01    7.40276   34.18536  -77.77180  0.000e+00
       2565     13.600    19.9439   4.785752  1027.8865    34.9971  736612477      2.961     4.0293 3.9072e-01    7.40310   34.18530  -77.77188  0.000e+00
       2566     13.600    19.9412   4.785547  1027.8870    34.9976  736612480      2.961     4.0293 3.7851e-01    7.40345   34.18524  -77.77194  0.000e+00
       2567     13.500    19.9406   4.785547  1027.8874    34.9982  736612483      2.991     4.0293 3.7851e-01    7.40351   34.18518  -77.77202  0.000e+00
       2568     13.500    19.9412   4.785547  1027.8870    34.9976  736612486      3.053     4.0293 3.9072e-01    7.40345   34.18512  -77.77210  0.000e+00
       2569     13.300    19.9372   4.785239  1027.8877    34.9985  736612489      3.022     4.0293 3.9072e-01    7.40396   34.18508  -77.77216  0.000e+00
       2570     13.500    19.9331   4.785033  1027.8891    35.0002  736612492      2.991     4.0293 3.9072e-01    7.40443   34.18502  -77.77222  0.000e+00
       2571     13.500    19.9290   4.784827  1027.8906    35.0019  736612495      3.022     4.0293 4.0293e-01    7.40491   34.18496  -77.77228  0.000e+00
       2572     13.300    19.9270   4.784622  1027.8906    35.0019  736612498      3.022     4.0293 4.0293e-01    7.40519   34.18492  -77.77234  0.000e+00
       2573     13.300    19.9250   4.784211  1027.8891    35.0002  736612501      3.053     4.0293 4.0293e-01    7.40554   34.18486  -77.77242  0.000e+00
       2574     13.300    19.9243   4.784108  1027.8889    35.0000  736612504      2.991     4.0293 4.1514e-01    7.40565   34.18480  -77.77248  0.000e+00
       2575     13.300    19.9243   4.784108  1027.8889    35.0000  736612507      3.022     4.0293 4.0293e-01    7.40565   34.18476  -77.77254  0.000e+00
       2576     13.300    19.9263   4.784211  1027.8882    34.9991  736612510      3.022     4.0293 4.0293e-01    7.40540   34.18470  -77.77262  0.000e+00
       2577     13.300    19.9283   4.784416  1027.8882    34.9991  736612513      3.022     4.0293 4.0293e-01    7.40513   34.18464  -77.77268  0.000e+00
       2578     13.100    19.9297   4.784416  1027.8872    34.9980  736612516      3.022     4.0293 4.0293e-01    7.40500   34.18458  -77.77276  0.000e+00
       2579     13.100    19.9311   4.784622  1027.8877    34.9985  736612519      2.991     4.0293 3.9072e-01    7.40479   34.18452  -77.77282  0.000e+00
       2580     13.100    19.9345   4.784827  1027.8867    34.9974  736612522      3.022     4.0293 3.9072e-01    7.40437   34.18446  -77.77290  0.000e+00
